7.605714e-02 5.221890e+03
9.666214e-02 1.494828e+04
4.066176e-01 2.052107e+04
3.654095e-02 2.077307e+05
1.769677e-01 7.131188e+04
1.891495e-01 4.764766e+04
2.345528e-01 1.044541e+05
9.658201e-01 5.280519e+04
1.885995e-01 1.889718e+05
2.418215e-01 8.119340e+04
6.131008e-02 1.206007e+04
4.697951e-01 1.274560e+04
2.595342e+00 4.942953e+04
5.150758e-01 4.569493e+04
3.957291e-01 1.406700e+05
2.604758e-02 3.509406e+05
9.178009e-01 2.154157e+04
4.222511e-02 4.423424e+04
5.843067e-01 5.194045e+03
1.709456e+00 1.536728e+04
3.153346e-01 1.137744e+05
3.211652e-01 1.100185e+05
2.126256e-01 1.173875e+05
3.680196e-01 4.033523e+04
1.244793e+00 2.144136e+05
4.934675e-02 1.861815e+04
6.322615e-01 5.745557e+04
5.726313e-02 7.598484e+04
1.664671e+00 3.160629e+04
1.117906e-01 1.204034e+05
1.567488e-01 4.044886e+04
3.420377e-01 6.567882e+04
1.351852e+00 1.896608e+05
1.399586e+00 2.370051e+04
1.295922e-01 4.906797e+04
7.051290e-02 1.337517e+05
1.379437e+00 5.972964e+04
5.647391e-02 8.028452e+04
6.435993e-01 1.892099e+04
8.747835e-01 6.338647e+04
3.076060e-01 9.783862e+04
2.920848e-01 6.509827e+03
3.409803e-01 1.198304e+04
5.394104e-01 1.179743e+05
3.792349e-01 3.092768e+05
5.900634e-02 1.776315e+04
4.316294e-01 2.148889e+05
2.866900e-01 1.158171e+04
1.029423e+00 4.881112e+04
1.053812e+00 5.650663e+04
1.300554e-02 2.227904e+04
6.435831e-01 8.625817e+04
6.700698e-01 2.101952e+05
9.951292e-01 2.454542e+04
2.273389e-01 3.003619e+04
3.818930e-01 1.326920e+05
8.193725e-02 1.030837e+05
8.117324e-02 1.408993e+03
2.179867e-02 1.128124e+05
1.375218e-01 1.013847e+05
2.446600e-02 1.922811e+05
4.053822e-01 8.559881e+03
7.642004e-01 2.664546e+04
8.265669e-01 2.198023e+05
4.643473e-01 7.857349e+04
1.819646e-03 9.338618e+04
1.978668e-02 7.185231e+03
5.520117e-01 1.285590e+05
4.082488e-01 1.995094e+04
1.238492e-01 1.074751e+05
2.102337e-01 3.740845e+01
4.606218e-01 1.664918e+05
4.144929e-01 1.003838e+05
1.297235e-01 9.848324e+04
5.122695e-01 2.062470e+05
7.637664e-01 1.034365e+05
1.099021e+00 8.073918e+04
5.323629e-02 2.171316e+04
5.653460e-01 1.623015e+03
3.138479e-01 4.411725e+04
2.333624e-01 7.837980e+04
1.544375e-01 2.205985e+05
5.712226e-02 1.801389e+05
7.842342e-02 1.878683e+05
4.514348e-01 2.571452e+04
1.135596e-01 5.394758e+02
1.163436e-02 3.748514e+04
3.162980e-01 5.444624e+04
3.991120e-01 4.081718e+04
2.721484e-01 1.662440e+02
4.135790e-01 2.753228e+05
1.314018e+00 4.490319e+04
1.891401e+00 1.536726e+04
2.888956e-01 1.297943e+05
2.213657e-01 5.600192e+04
1.655353e-01 2.867570e+03
1.278947e-01 6.118105e+04
2.428211e-01 5.582313e+03
3.043489e+00 5.556969e+04
9.806771e-01 6.893534e+04
2.603697e-01 2.996265e+04
4.757494e-01 1.242235e+04
6.572950e-01 1.431214e+05
1.167662e+00 1.200056e+04
6.724508e-01 5.859855e+04
2.355453e-01 1.799353e+05
1.379399e-01 2.877356e+05
8.457756e-01 1.346434e+05
1.656891e-02 9.422757e+03
5.042808e-02 2.968294e+05
1.615152e+00 5.758423e+04
5.106820e-01 1.179984e+04
4.500677e-01 3.981040e+04
7.324211e-01 1.162435e+03
3.276628e-01 2.713667e+05
9.887667e-01 1.041237e+05
2.564520e-01 2.665120e+05
3.321944e-01 8.686717e+04
5.968052e-02 2.198538e+04
2.675980e-01 2.354142e+05
1.144184e+00 4.870252e+03
4.149073e-01 3.208320e+05
3.993570e-01 5.905146e+04
1.831517e-01 2.474573e+05
5.991360e-02 8.080886e+04
2.126161e-01 2.892797e+04
6.603890e-01 1.441404e+05
3.746677e-01 1.512027e+02
8.434920e-02 2.800029e+05
3.972370e-01 1.982795e+04
8.676951e-02 1.893077e+05
6.749645e-01 2.218009e+05
3.919476e-02 8.583253e+04
5.628060e-01 1.405718e+04
4.234755e-02 6.989517e+04
3.775649e-02 5.337053e+05
2.970862e-02 1.181867e+05
2.084808e-01 9.376426e+04
2.624565e-01 1.710789e+04
9.708532e-01 1.138360e+04
4.068918e-01 6.379078e+04
1.679430e-01 3.826099e+04
4.771200e-01 5.342072e+02
6.890302e-01 2.108986e+04
3.112880e-02 1.548956e+05
2.778652e-02 2.449929e+05
5.399003e-01 1.109609e+05
4.713140e-01 7.533122e+04
8.586866e-03 8.820474e+04
7.560128e-01 3.355747e+05
5.284398e-01 1.123811e+05
3.684739e-01 2.360255e+04
4.763583e-01 9.955569e+04
4.414230e-01 1.278371e+05
5.763394e-01 5.870312e+04
1.141644e-01 1.291792e+04
9.407568e-01 7.459806e+04
6.882339e-01 1.381917e+05
2.216736e-01 7.350824e+04
8.665635e-02 4.640943e+03
4.716853e-01 6.017813e+04
4.050818e-02 3.164657e+05
2.331334e-01 3.673186e+04
4.430551e-01 1.425259e+03
4.198243e-01 1.470218e+05
8.784932e-01 1.223111e+05
1.330152e-02 2.724341e+05
1.807403e-02 6.874716e+04
3.675154e-01 2.337414e+05
9.590302e-01 9.694562e+04
3.349228e-01 2.733926e+04
1.994232e-01 2.159780e+04
6.425153e-01 1.290038e+05
1.734951e+00 3.379701e+05
8.009948e-01 1.225200e+05
3.038240e-01 7.390358e+04
1.518470e+00 9.613671e+04
2.507746e-01 2.254127e+05
1.420818e-01 3.357856e+04
2.754887e-02 2.308212e+05
2.348263e-03 3.287169e+03
2.747161e-01 1.591876e+05
2.378397e-01 1.931917e+05
1.245623e+00 1.454261e+05
1.523508e+00 1.018689e+05
1.771013e-01 1.523283e+05
8.314159e-01 3.494202e+04
2.880326e-01 1.106507e+04
2.229727e-01 6.770276e+04
7.758993e-01 5.756783e+04
3.173761e-01 1.341207e+04
1.180945e+00 1.397669e+04
5.958192e-01 2.177569e+05
1.160091e-01 7.365948e+04
1.730733e-01 4.907269e+04
5.143546e-01 1.734814e+04
3.926217e-02 1.346713e+04
1.123672e-01 3.176041e+05
6.611488e-01 2.836767e+04
4.499708e-01 4.779992e+04
1.109031e+00 7.016761e+04
4.403387e-01 1.066297e+05
1.569626e-01 1.993483e+05
6.816826e-01 6.934333e+04
6.622726e-01 2.049148e+04
7.513535e-03 1.425986e+05
6.734826e-01 2.375014e+04
2.851211e-01 4.001143e+04
3.332511e-01 1.654224e+05
2.877034e-01 2.276991e+04
2.926638e-01 1.624510e+04
8.046716e-01 1.797945e+05
8.176856e-01 7.319460e+04
1.662863e-01 1.305590e+05
1.494429e-01 2.462850e+05
2.851826e-02 1.236655e+05
1.032533e+00 8.311926e+04
3.735378e-01 1.203068e+05
2.355288e-02 1.368268e+04
7.232526e-01 1.307804e+04
1.474312e-01 1.934633e+04
4.487997e-01 9.040138e+03
5.306570e-01 2.705008e+05
8.150398e-01 1.002280e+05
5.548337e-01 4.354019e+04
1.616951e+00 4.568899e+04
1.686903e-01 2.039029e+05
3.239870e-01 6.504747e+04
4.708682e-01 1.448661e+05
3.192666e-01 2.391738e+05
2.427676e-01 7.137253e+04
1.110806e-01 4.290714e+04
8.298551e-01 1.442995e+05
6.322654e-01 1.606209e+05
9.783102e-01 1.180070e+04
2.581923e-01 2.254279e+05
7.022268e-01 5.658143e+04
7.591839e-01 1.389327e+04
4.602437e-01 7.295894e+04
2.098975e-01 4.908989e+05
8.418958e-01 3.230719e+05
1.771420e-01 2.495427e+05
2.214987e-01 7.016661e+04
6.603340e-01 9.046526e+04
3.552476e-01 3.013850e+05
6.431190e-01 2.031951e+03
8.723629e-02 1.405023e+04
2.026188e-02 1.732775e+04
1.263907e+00 8.667263e+04
5.247233e-01 1.303702e+05
3.592609e-01 7.645293e+03
5.264065e-01 1.726555e+04
4.679505e-01 2.618088e+04
6.310933e-01 9.578338e+04
1.457176e-01 1.084818e+03
4.444716e-01 4.217600e+04
4.446100e-01 4.200853e+04
9.051468e-01 1.132903e+05
4.695052e-02 5.832889e+04
2.173750e-01 1.745433e+04
3.818433e-01 1.141344e+05
4.158644e-01 1.502666e+05
9.823922e-02 6.419553e+04
3.048823e-01 2.219735e+05
1.776214e-01 3.219591e+04
2.138365e-01 9.404515e+04
6.485147e-01 6.297177e+04
1.893133e-01 7.189271e+04
3.413307e-02 6.412729e+04
5.777006e-01 9.278594e+03
5.589082e-01 1.150035e+05
1.089838e-01 1.033103e+05
3.494974e-01 2.638424e+05
1.385823e+00 2.141586e+05
1.100539e-01 5.505795e+03
4.224839e-01 4.569584e+05
5.110473e-01 2.776334e+04
7.980450e-01 3.725640e+04
7.679456e-01 2.853043e+04
5.204247e-01 3.077737e+04
2.099419e-01 1.326298e+05
1.532235e-01 5.806147e+04
6.006715e-01 1.745524e+05
5.370541e-01 2.647364e+05
4.899636e-01 2.130656e+05
6.515523e-01 7.834409e+04
2.296214e-01 2.122834e+05
3.937296e-02 1.943271e+05
1.587086e-01 4.485490e+05
1.503948e-02 7.002923e+04
7.743398e-01 1.280777e+04
1.880544e-01 3.670560e+04
1.285429e+00 1.469408e+04
8.543561e-02 5.907747e+04
4.494794e-01 2.477163e+05
2.945445e-01 1.499913e+05
3.404764e-01 1.469770e+05
3.274710e-01 1.055497e+03
9.753958e-01 6.035056e+04
5.203533e-03 3.714696e+04
1.951298e+00 8.820909e+03
2.212164e-01 6.499141e+03
1.628132e+00 6.793817e+05
1.946075e-01 6.067135e+03
1.148015e-01 4.656353e+04
4.682208e-01 1.529267e+04
4.613216e-01 3.084799e+04
2.011172e-01 1.137640e+04
4.447937e-01 1.008680e+03
4.368880e-01 5.024245e+04
8.715017e-01 2.463961e+04
6.524612e-01 4.601947e+05
1.470248e+00 1.944670e+04
4.699510e-01 1.034733e+05
1.536430e-01 1.161497e+03
3.412635e-01 1.230089e+05
2.174398e-01 4.602684e+04
3.363313e-02 5.669529e+04
1.209856e-01 1.234669e+04
3.547606e-01 1.669390e+04
1.116156e-01 1.904962e+04
3.259285e-01 6.505412e+04
8.854607e-03 2.272766e+05
3.997687e-01 1.226589e+05
7.740208e-02 4.591454e+04
2.176211e-01 2.792968e+05
1.294118e-01 3.116983e+02
1.042773e+00 1.609331e+05
2.545374e-02 1.146170e+05
8.021602e-02 1.599478e+05
2.710752e-02 1.636050e+05
6.801035e-01 8.738456e+04
3.201447e-01 1.197943e+05
1.367406e+00 2.276937e+04
1.372313e-01 1.240057e+05
4.622357e-02 3.352735e+04
2.805365e-02 6.022365e+04
7.304522e-02 1.618894e+05
2.725393e-01 1.399539e+05
1.154448e-01 2.374114e+04
1.904783e-01 5.018769e+04
1.142675e+00 4.930593e+04
8.287106e-01 1.069671e+04
6.491372e-01 1.510154e+05
1.905193e+00 8.401027e+04
8.581310e-01 1.094380e+05
3.832638e-01 1.525692e+05
5.835026e-01 4.521642e+04
4.296539e-01 1.676983e+05
2.475937e-01 1.108208e+04
4.107924e-01 9.880206e+04
3.277077e-01 3.089462e+04
1.174553e-01 4.425773e+04
4.159452e-01 2.130388e+04
4.540940e-01 1.696306e+05
3.258721e-01 6.805019e+04
2.092363e-02 4.194947e+04
7.703395e-02 4.323960e+05
2.216410e+00 1.043026e+05
1.237301e+00 1.553553e+05
5.426129e-02 1.733306e+05
2.327427e-01 1.700418e+05
1.399415e-01 3.094964e+04
2.060610e-01 1.793298e+05
1.011026e+00 2.160217e+05
4.251985e-02 1.000090e+05
7.004599e-01 3.126161e+04
1.460154e-02 2.419769e+05
7.855611e-01 4.612005e+04
2.664097e-01 6.129915e+04
1.057309e-01 1.729820e+05
1.392112e+00 5.335776e+04
8.475444e-02 3.276628e+05
4.991716e-01 6.342068e+04
5.246305e-01 2.621959e+04
5.429331e-01 3.577858e+04
1.721696e+00 1.037127e+05
4.958531e-01 5.774614e+04
6.257760e-01 2.396654e+04
1.166031e-01 3.593263e+04
1.909698e-01 9.509604e+04
2.608806e-01 3.529686e+04
1.531095e-02 5.960912e+04
6.931725e-01 1.592558e+05
5.908101e-01 6.424888e+03
1.342789e-01 1.855500e+05
3.296556e-01 2.165690e+05
4.631836e-01 2.203946e+03
5.207304e-01 2.586841e+05
2.248201e-01 1.813132e+05
2.739644e-01 1.025704e+05
8.224706e-02 1.658187e+05
7.434229e-02 2.071177e+05
3.446843e-01 3.581258e+04
3.265764e-01 5.414778e+04
8.716988e-01 1.918396e+05
3.813995e-01 2.405326e+04
1.905260e-01 4.465796e+04
2.164480e-01 1.328478e+05
7.435444e-01 5.159947e+04
4.893503e-01 1.761711e+04
5.984121e-01 2.232218e+05
3.331791e-02 7.048303e+04
5.700791e-01 2.771057e+05
6.133460e-02 6.189434e+04
1.342446e-01 2.593998e+05
2.338091e-01 1.982023e+05
2.762165e-01 1.519156e+05
1.054210e+00 1.124394e+05
3.573865e-02 9.883537e+04
2.227771e-01 1.403968e+04
7.477366e-02 3.140120e+05
3.150284e+00 4.939556e+04
3.943575e-01 2.887398e+04
2.790939e-01 1.367371e+04
7.829563e-02 1.876765e+05
3.923170e-01 4.241871e+04
6.951333e-02 1.802837e+04
9.572624e-01 5.769090e+03
2.687122e-01 2.154395e+05
4.298508e-02 1.011349e+05
2.387648e-01 9.858370e+03
6.332224e-01 2.192773e+04
1.263539e+00 2.073226e+04
7.799000e-01 8.241712e+04
2.411962e-02 6.007327e+03
6.039229e-01 1.259803e+04
4.083571e-01 7.956245e+04
3.254806e-01 2.590241e+03
1.062592e-02 1.370965e+05
2.280313e-01 5.323991e+04
7.765346e-02 7.906810e+04
2.092548e-01 3.619853e+04
3.457255e-02 1.573503e+04
7.520932e-03 9.598608e+03
1.584397e-02 4.287798e+04
6.025560e-01 1.721580e+04
3.006167e-01 6.627844e+03
4.364008e-01 6.529522e+03
7.163977e-01 5.351964e+04
6.676359e-01 5.770440e+04
5.759607e-01 1.252476e+04
9.862381e-01 1.340371e+05
5.143604e-01 1.472283e+05
5.599254e-01 1.494788e+05
7.888912e-01 2.101694e+04
1.438006e+00 8.747602e+04
2.648088e-01 1.785343e+04
6.211114e-01 6.819816e+04
3.801718e-01 2.257930e+04
4.222922e-01 5.650120e+04
1.335799e-01 2.599402e+04
2.929961e-01 2.824824e+05
1.016450e+00 8.714967e+04
2.856222e-02 5.786903e+04
2.156020e-01 6.551411e+04
1.937983e-01 7.893357e+04
8.789106e-02 2.356130e+05
2.356846e-01 2.563681e+04
5.909832e-01 4.099134e+04
3.729825e-02 2.273984e+05
7.138286e-02 2.523410e+04
1.973076e-01 5.123117e+04
3.538387e-01 8.331479e+04
5.188493e-01 1.634900e+05
7.038039e-01 8.750696e+04
5.908900e-01 3.074772e+04
1.664581e-02 6.262051e+04
3.024435e-01 4.287783e+04
6.867770e-01 1.601894e+05
1.074797e+00 1.715690e+05
2.972091e-01 7.184115e+03
1.317233e-02 3.643100e+04
4.760559e-01 3.236751e+03
3.121900e-01 8.461659e+03
1.145531e+00 5.387288e+04
1.535510e-01 1.207906e+05
5.856433e-01 6.758138e+04
7.857666e-01 3.655962e+02
4.647204e-01 3.039219e+04
1.861098e-01 1.521305e+04
7.369132e-01 3.896025e+04
1.244875e-01 8.207772e+03
1.840318e+00 1.817441e+04
5.484245e-01 6.262632e+04
3.883269e-02 4.674737e+04
1.102152e+00 8.920834e+03
4.009615e-03 5.190023e+04
4.127769e-01 1.231897e+04
1.699336e-02 7.918019e+04
9.084602e-02 1.470541e+04
2.016426e-01 3.839697e+03
7.894010e-01 2.390307e+05
2.026781e-01 1.248400e+04
9.309819e-02 4.196060e+03
6.100974e-01 3.683772e+05
1.049822e+00 7.930125e+04
1.642740e+00 1.280649e+05
5.578283e-01 9.159884e+03
7.937634e-02 2.767754e+04
3.568376e-01 1.445498e+04
1.662998e-01 1.224802e+05
1.122693e-01 2.058647e+05
3.208334e-01 2.701287e+04
3.561302e-01 1.025109e+05
3.399568e-01 1.485793e+05
8.724075e-02 3.819864e+04
3.043084e-01 2.004803e+04
1.443006e-01 7.180827e+04
4.108696e-01 8.934858e+04
5.417811e-01 5.171108e+04
3.921073e-01 5.005846e+03
4.057285e-01 3.087686e+03
6.087547e-01 9.385824e+04
5.466815e-01 6.318431e+04
5.421757e-02 1.639007e+05
1.047398e-01 1.277858e+05
3.004197e-01 2.123353e+05
3.588216e-01 7.289159e+04
1.722066e+00 1.735867e+05
6.211093e-01 6.201715e+04
2.799963e-01 2.136523e+04
5.344019e-01 7.767137e+04
1.933773e+00 5.461930e+04
6.265736e-02 1.031557e+05
5.910212e-01 3.905590e+04
9.654450e-01 1.673707e+05
4.358920e-01 8.370214e+03
7.382034e-02 5.569720e+03
8.680845e-02 3.421773e+05
4.171776e-01 1.737975e+05
3.887655e-01 9.345746e+04
1.716485e-01 2.215384e+05
5.306840e-01 1.046232e+05
3.504967e+00 5.513781e+04
4.185980e-01 1.435477e+04
2.838872e-01 8.755355e+04
3.761419e-01 1.181822e+05
1.798377e-02 7.576501e+04
9.629954e-01 2.078067e+05
1.301442e+00 1.403515e+04
1.355220e-01 5.525609e+04
5.261041e-01 6.773057e+04
4.170042e-01 5.853849e+04
4.285773e-01 1.009296e+04
8.984308e-01 9.687191e+04
4.083448e-01 1.193362e+05
9.469770e-01 8.718540e+04
9.296284e-01 1.299478e+05
3.235552e-02 9.402023e+04
2.853614e-01 4.045654e+05
5.750210e-02 5.140520e+04
7.430248e-01 4.634881e+04
8.383866e-01 5.456470e+04
3.339958e-01 1.584154e+05
9.231503e-01 2.002187e+05
3.930556e-02 8.750371e+04
1.966161e+00 1.069609e+05
2.681676e-01 1.176975e+05
4.604808e-01 4.507031e+03
1.431732e+00 1.981177e+04
2.990682e-02 2.122078e+04
1.857529e-01 4.386556e+04
1.158243e+00 5.058911e+04
1.013109e+00 8.110345e+03
1.082144e+00 5.534540e+04
5.019136e-02 1.073321e+05
1.510048e-01 3.442725e+04
2.787118e+00 5.782267e+04
1.767197e-01 1.040394e+05
4.258610e-01 7.394160e+04
3.493498e-01 6.222535e+04
1.586352e-01 1.942969e+05
5.902316e-01 1.367173e+04
8.980457e-01 4.288487e+04
9.837939e-02 2.537537e+05
2.803451e-01 8.914370e+03
2.785421e-01 2.006570e+04
5.630126e-01 4.075920e+04
8.063800e-02 5.909592e+03
4.176031e-01 1.574120e+05
