6.179352e-01 1.673037e+05
1.356574e+00 1.142903e+05
4.970417e-01 3.083231e+04
1.265965e+00 8.169794e+04
8.791392e-01 1.477381e+05
2.719727e-01 3.248078e+04
5.789562e-02 1.037194e+05
9.508375e-01 4.798384e+05
1.538931e-01 1.308984e+05
4.983103e-01 2.217873e+05
5.081868e-01 1.653102e+05
3.716487e-01 8.634175e+03
2.026901e-01 2.571065e+05
6.580071e-01 2.202593e+04
2.889324e-02 4.967102e+04
9.659112e-01 4.046887e+04
2.667694e-01 5.264280e+03
3.119138e-02 4.478483e+05
6.568299e-01 1.204148e+04
1.357218e-02 1.941910e+05
4.276091e-01 3.059187e+04
7.990419e-01 9.036943e+03
2.351623e-03 1.852572e+05
4.615122e-02 1.053837e+05
1.270423e+00 1.378330e+04
3.045629e-01 2.342497e+05
4.978988e-01 7.954304e+04
1.604094e-01 2.002916e+05
6.397787e-01 2.582391e+04
7.436294e-02 5.717823e+04
5.621007e-01 4.717645e+03
1.526818e+00 1.525351e+04
1.532824e-01 2.726808e+04
5.839844e-01 1.992393e+04
7.160531e-02 1.644786e+05
7.529115e-02 1.522387e+05
6.724409e-01 2.386207e+05
1.157694e+00 9.224484e+04
1.004628e-02 1.080939e+05
9.025518e-02 4.090932e+04
9.644724e-01 7.476058e+04
2.290570e-01 1.547206e+05
1.510366e-02 1.938610e+05
1.823389e-01 8.568487e+04
1.351081e-01 5.350000e+04
2.291733e-02 6.483835e+04
1.776320e-01 1.030831e+05
1.402868e+00 4.473400e+04
1.155630e+00 2.938854e+02
7.401462e-01 3.776245e+04
5.097324e-01 2.096585e+04
3.184100e-02 5.135510e+04
2.710450e-01 4.318994e+05
3.152843e-01 5.255087e+05
2.478079e-01 4.347648e+05
8.865150e-01 2.376328e+05
2.820973e+00 8.635260e+04
3.006453e-01 1.276750e+05
3.288519e-01 6.936135e+05
3.198157e-01 6.369687e+04
6.221293e-01 3.245279e+03
7.969310e-02 2.830498e+04
3.725966e-01 2.575952e+04
1.402924e-01 5.110933e+04
5.924827e-01 2.999944e+04
5.409000e-01 2.950957e+05
2.634625e-01 3.699023e+04
1.219329e-01 4.160842e+04
7.277484e-02 4.336456e+03
3.532820e-01 1.308463e+05
4.588865e-01 9.130729e+04
5.223947e-02 7.880922e+03
2.433294e-02 1.593935e+05
5.489956e-01 1.329622e+05
7.765845e-01 2.130594e+04
2.409493e-01 1.616777e+05
1.096628e+00 5.244336e+04
7.226504e-02 5.260562e+04
4.596900e-02 1.349698e+05
1.881817e-01 1.925007e+04
7.011844e-02 3.042708e+05
2.870315e-01 7.898502e+04
8.404821e-02 2.902271e+05
4.136041e-02 8.773528e+04
2.814665e-01 2.665262e+05
9.959293e-01 1.352475e+05
2.175767e+00 1.657615e+05
5.942635e-01 2.021473e+05
5.092601e-01 5.244374e+01
1.505810e-01 2.716139e+04
8.642471e-02 4.097619e+03
2.964710e-01 7.792935e+04
3.044781e+00 1.450766e+05
1.820389e+00 7.834257e+04
1.413143e-01 2.319031e+05
2.149082e+00 4.386183e+04
2.861156e-03 3.451147e+04
4.826663e-02 5.920872e+03
1.191429e-01 1.018207e+05
3.657741e-01 5.474225e+04
3.725655e-01 1.006220e+05
1.145643e+00 1.677633e+05
3.999501e-02 7.197726e+04
1.120679e+00 8.278928e+04
8.637303e-02 6.204587e+04
6.013404e-02 3.224139e+05
1.181662e-01 4.549666e+04
1.924891e-01 1.593402e+05
1.746132e-02 1.220716e+03
4.584441e-01 6.884770e+04
5.293080e-01 1.912547e+05
5.854716e-01 4.481199e+04
1.258618e+00 5.263041e+04
1.582314e-01 5.022033e+04
5.845888e-01 3.106488e+04
1.677634e+00 1.741823e+05
1.047476e+00 1.131904e+05
3.241822e-01 1.169766e+05
9.677711e-02 1.006584e+04
1.815772e+00 9.241849e+03
1.979717e-01 1.778602e+04
5.454896e-01 7.023713e+04
1.889702e-01 6.129404e+04
1.176733e+00 2.187246e+02
6.738798e-01 1.284310e+05
3.926875e-01 7.688412e+04
5.884624e-02 7.602820e+04
1.028133e+00 9.022655e+04
3.093724e-02 6.290312e+04
1.526066e-01 5.670873e+04
2.025597e-01 1.419190e+04
5.157422e-01 7.737338e+04
3.032981e-01 3.074047e+03
2.268746e-02 2.482670e+04
2.734768e-01 5.270253e+04
3.647933e-01 2.019671e+05
2.630849e-01 1.502340e+04
4.017727e-02 1.548356e+05
2.908739e-01 1.916746e+04
6.685538e-02 3.099675e+04
4.244844e-02 5.746881e+03
1.269093e-01 3.719074e+04
8.566686e-01 8.742084e+04
1.975955e+00 3.190462e+05
2.809475e-01 3.027036e+04
1.918500e-01 7.833600e+04
1.168301e+00 5.242382e+04
2.498852e-01 9.414929e+04
8.069389e-01 9.527355e+04
1.063719e+00 1.314141e+05
1.632316e-01 1.079486e+05
1.039268e+00 3.101902e+04
1.090690e+00 1.870524e+04
6.149397e-01 8.934004e+04
9.334932e-01 8.301365e+04
5.636459e-01 1.740436e+04
1.803487e-01 1.137271e+05
5.196482e-02 6.916875e+04
2.211177e-01 1.440140e+04
3.605820e-01 4.438639e+04
4.583616e-02 6.241778e+05
1.758892e-01 4.394897e+04
5.129564e-01 9.167542e+04
1.754744e-01 3.772117e+04
1.375731e+00 1.947286e+05
6.793419e-03 4.936285e+04
3.754059e-01 3.741847e+03
7.251056e-01 4.337585e+04
1.233945e-01 1.233767e+05
1.403523e+00 3.040738e+04
6.717091e-02 1.004543e+05
5.209205e-02 2.706983e+05
3.265870e-01 1.059612e+05
1.015015e+00 5.560236e+04
1.978342e-01 2.590069e+05
6.220531e-02 4.772224e+05
1.230329e+00 3.874801e+04
2.996430e-01 3.082699e+04
1.698268e-01 5.713423e+02
8.026513e-01 1.264329e+05
3.901034e-01 2.902674e+05
2.085033e-02 1.850141e+05
1.786815e-01 5.010417e+02
6.163429e-01 5.589053e+04
3.535752e-01 9.195280e+04
1.746939e+00 3.287873e+04
2.978106e-01 2.122041e+04
8.347213e-02 2.017406e+05
1.555956e+00 5.471278e+04
2.938162e-01 2.451537e+04
2.160441e-01 1.299011e+05
2.575380e-01 1.967127e+05
2.406611e-01 5.219853e+04
3.445252e-01 9.932221e+04
4.161153e-01 2.047573e+04
1.048438e+00 9.377508e+04
9.027959e-01 3.227171e+04
3.039586e-01 1.648596e+04
1.597809e+00 5.732251e+04
1.160494e+00 4.691898e+04
1.665492e-01 5.194598e+04
9.767278e-01 2.173956e+05
3.449013e-01 8.027271e+04
1.233002e-02 1.516331e+05
6.973276e-01 9.685771e+04
2.720830e-01 3.778254e+04
8.625161e-01 2.552841e+05
4.995633e-02 9.132627e+04
1.572386e-01 1.969564e+05
4.932653e-02 2.813825e+04
2.584366e-02 2.173669e+04
3.600858e-01 3.775353e+05
6.661299e-01 9.797989e+01
3.497886e-02 8.926309e+04
5.361302e-01 8.575042e+04
1.554284e+00 3.171262e+04
3.841638e-01 6.557232e+04
7.073702e-01 1.585199e+05
1.748427e-01 4.514824e+04
2.520587e-02 1.135836e+05
2.635989e-01 8.266240e+04
8.221643e-01 2.069774e+04
1.255546e-01 7.863158e+04
3.394637e-01 9.890533e+04
1.385454e+00 1.333986e+05
9.275694e-01 5.846120e+04
4.603521e-01 1.126789e+05
2.504124e-01 3.771919e+04
5.835334e-01 3.032373e+04
4.255181e-01 2.077543e+05
1.521768e-01 6.424636e+04
1.937590e-01 5.065326e+04
1.110842e+00 5.253911e+04
4.024459e-01 3.660763e+04
2.658679e-01 1.538621e+05
1.687430e-03 2.270663e+05
3.748311e-01 3.688516e+02
2.218242e-01 1.696754e+05
4.894916e-01 1.935167e+05
4.380512e-02 1.148120e+04
5.408929e-01 1.248081e+05
4.088833e-03 3.967240e+04
4.773804e-03 1.246917e+05
4.226941e-02 3.530116e+04
3.962048e-01 2.790381e+04
3.474854e-01 2.388921e+01
6.976496e-01 3.785184e+04
1.215912e-01 2.415868e+03
1.779560e-02 4.108021e+04
3.975205e-01 1.186892e+04
1.024562e+00 9.395939e+03
5.319096e-01 9.818372e+03
2.904474e-01 1.619428e+04
2.815768e-01 1.634163e+05
3.559138e-01 6.068003e+04
8.043312e-01 9.059867e+04
6.648597e-01 5.859469e+04
6.463566e-01 9.202650e+04
7.029150e-01 1.500605e+05
9.663072e-02 8.340074e+04
1.090709e+00 3.609456e+04
3.293841e-01 1.754667e+05
1.513158e-02 2.829768e+04
1.159254e+00 4.143625e+04
3.394153e-01 7.104238e+04
7.716879e-01 6.607386e+04
4.272504e-01 4.446332e+04
4.520109e-01 2.302461e+05
4.329821e-01 1.078454e+05
2.849735e-01 1.257161e+04
1.201564e+00 7.624151e+04
1.838764e-01 2.202255e+05
1.394757e+00 6.050760e+03
2.233314e+00 6.758066e+04
3.067993e-01 1.345696e+04
3.243050e-02 1.519927e+05
4.607975e-02 6.277924e+04
9.421258e-02 9.313880e+04
1.048799e+00 2.933241e+05
2.596823e-01 4.566782e+04
8.518612e-02 2.472610e+05
8.678289e-02 7.749685e+04
2.214736e+00 2.753029e+04
1.462902e-01 7.024812e+04
1.206058e-01 3.255941e+04
2.471800e+00 9.521936e+04
5.153164e-02 9.401975e+04
3.362929e-01 1.975777e+05
2.334723e-02 9.430949e+04
2.107684e-01 2.826410e+04
1.123591e-03 1.153126e+05
3.715505e-01 1.932721e+04
2.755288e-01 1.281966e+05
4.599746e-01 4.104138e+04
1.507152e+00 1.981707e+05
2.934465e-02 1.473276e+05
4.818459e-02 2.128665e+05
5.349913e-01 8.999632e+04
1.159802e+00 5.390076e+04
2.929014e-02 4.479871e+04
8.880923e-01 2.417474e+04
1.793031e-02 8.712508e+04
1.647900e-01 5.056193e+04
5.088132e-01 4.605930e+04
5.217556e-01 1.513961e+05
8.969150e-01 5.502477e+04
1.024348e-02 1.023568e+05
2.173736e-02 1.094151e+05
6.427872e-01 4.755685e+04
7.775906e-01 4.075971e+04
2.268951e-01 9.704393e+04
4.330389e-02 4.299902e+04
3.648350e-01 1.427009e+04
9.898022e-02 1.715455e+05
1.065222e+00 3.476025e+04
3.569075e-01 2.281907e+04
3.360255e-01 3.264723e+04
3.757289e-01 8.455836e+04
1.096113e+00 6.085449e+04
4.746026e-01 6.346913e+03
4.354666e-02 2.073004e+05
1.399466e+00 6.565500e+04
1.650286e-01 6.364790e+03
8.670258e-01 3.465627e+03
2.342621e-01 1.079776e+05
1.466892e+00 6.876833e+04
5.702323e-01 6.306701e+03
4.248543e-01 7.817916e+04
2.954401e-01 9.325326e+04
4.271695e-02 3.250495e+04
3.777811e-01 1.774996e+04
5.007887e-01 4.713512e+05
8.993242e-01 8.627689e+04
4.006953e-01 1.340937e+05
2.119836e-01 1.416188e+05
1.010515e-01 1.518656e+05
1.121354e-01 4.257519e+04
3.528064e-01 5.100687e+04
8.371240e-01 7.451851e+04
4.383608e-02 1.697186e+05
1.814612e+00 3.354014e+04
1.044494e-01 2.783741e+04
3.096010e-01 3.269457e+05
2.598304e+00 4.956624e+04
8.341283e-02 1.358116e+05
7.479256e-02 1.052964e+05
5.556015e-01 2.007002e+05
3.979537e-01 1.085240e+05
9.192083e-01 7.561259e+02
2.656637e-01 1.589038e+05
3.786787e-01 1.240669e+05
1.413691e+00 1.980466e+05
1.001794e-01 1.690335e+04
3.702444e-01 1.593499e+05
7.120967e-01 2.017706e+05
3.177253e-01 1.156133e+05
1.380332e+00 2.279948e+04
3.209594e-01 5.023382e+04
6.929364e-01 3.138701e+04
6.545143e-01 1.608588e+05
4.992930e-01 4.414149e+04
6.208914e-01 1.483227e+05
5.328820e-01 1.579919e+05
1.086848e+00 5.538566e+04
2.444635e-01 1.451658e+05
2.502137e-03 1.735529e+05
9.123271e-01 1.318213e+05
1.608490e+00 1.069630e+04
4.599006e-01 4.247352e+04
1.700138e+00 1.218397e+05
1.778699e+00 4.425475e+04
2.729039e-01 6.862161e+04
8.111458e-02 1.094104e+05
3.522446e-01 1.335855e+05
3.405517e-01 6.594588e+04
1.651671e+00 2.062907e+05
8.390275e-01 1.207861e+04
4.100121e-01 3.878380e+04
4.477926e-01 1.798029e+04
8.320705e-01 6.249835e+04
3.959237e-01 1.550180e+05
1.477707e+00 4.825831e+04
1.244269e+00 2.412540e+05
1.711955e-01 2.227084e+05
7.509806e-02 2.108657e+04
6.447257e-01 3.612439e+05
3.146561e-01 6.849219e+04
2.195718e-01 1.724492e+05
3.819331e-01 1.009690e+05
1.982992e-02 1.048912e+04
5.217099e-03 7.416121e+04
1.778673e-01 5.530113e+04
5.662934e-01 2.294153e+04
7.801174e-01 2.129874e+05
2.952934e-01 5.252950e+04
4.476609e-01 7.366437e+04
2.884346e-01 9.237158e+01
1.828285e-01 2.504942e+05
7.469194e-01 8.137261e+04
1.349628e+00 1.991644e+05
1.106747e-01 1.470306e+05
7.379924e-01 1.627854e+05
7.776747e-01 9.727960e+03
4.162171e-01 6.048550e+04
2.917845e-01 2.283586e+04
8.035834e-01 1.348396e+05
4.972390e-01 1.954223e+04
4.743218e-01 4.600447e+04
1.914394e-02 8.482482e+04
7.738623e-02 1.192877e+04
1.162419e-01 1.539595e+04
2.161535e-01 1.080279e+05
1.238266e+00 1.653670e+05
5.659441e-01 1.208410e+04
6.765199e-01 2.533106e+05
2.071638e-01 7.519281e+04
9.860114e-02 1.428965e+05
8.091686e-03 1.114895e+05
2.172084e-01 3.823098e+04
1.470963e+00 4.522795e+02
4.510678e-01 1.095406e+05
9.037785e-01 5.526073e+04
1.031774e-01 2.636600e+04
3.206820e-02 6.825233e+04
1.239131e-02 1.358976e+04
1.862842e-01 3.600989e+04
5.480097e-01 1.410368e+05
1.297040e+00 1.845013e+05
6.090539e-01 9.466293e+03
7.572744e-01 1.752743e+05
4.879584e-01 1.246222e+05
8.144066e-01 1.510674e+05
4.302626e-01 2.859222e+04
2.773998e-01 8.237373e+04
7.864476e-01 1.052979e+03
9.836538e-02 3.269556e+04
3.978145e-01 1.901313e+03
1.241710e+00 3.574607e+04
6.190893e-02 1.738565e+04
1.813454e-02 1.402980e+05
1.024823e+00 3.406482e+05
2.221406e-01 2.217058e+03
2.757075e-01 8.212796e+04
4.203269e-01 8.121064e+04
5.147284e-01 1.599363e+05
3.459067e-01 1.592640e+05
5.628195e-02 1.403754e+05
7.195469e-01 1.051788e+05
6.038007e-01 7.772066e+04
1.044078e+00 4.514318e+04
9.833312e-01 5.454557e+04
2.543916e-01 2.094538e+05
3.647129e-01 2.068801e+05
1.426125e+00 4.513297e+04
3.045091e-01 2.273881e+05
3.247294e-01 1.588203e+04
3.599459e-01 3.731922e+04
5.229037e-02 1.861325e+04
1.267348e+00 1.361453e+05
2.472348e-01 7.455686e+03
2.109364e-02 9.638239e+04
1.187808e+00 5.370875e+04
4.079843e-01 4.137733e+04
4.447663e-01 1.748248e+04
1.365585e-01 3.216947e+04
6.776448e-01 4.111978e+03
5.931643e-01 1.997908e+05
1.904720e-01 1.133222e+04
7.379904e-01 1.541406e+05
1.303454e-01 3.458000e+05
1.357722e-01 1.438563e+05
7.225061e-01 2.701426e+04
9.081170e-01 2.030092e+04
1.114270e-01 5.937873e+03
7.371226e-01 1.534986e+04
6.591336e-02 6.337574e+03
1.431687e-01 2.548405e+04
1.703937e+00 5.181264e+04
6.545523e-01 2.184953e+05
2.840025e-01 5.211944e+04
7.982932e-02 4.200970e+04
4.115593e-01 3.108987e+04
1.844402e-01 5.462024e+04
2.486367e-01 3.678584e+05
2.566559e-01 9.397498e+04
3.167126e-01 4.411953e+04
7.929223e-01 1.710708e+05
3.405191e-01 8.565584e+04
1.915609e+00 1.450193e+05
4.135192e-01 2.621272e+04
8.731198e-02 3.434207e+04
9.171877e-01 2.145172e+04
3.071937e-02 2.127228e+04
1.446040e+00 1.353565e+05
8.264383e-01 6.304681e+04
1.846850e-01 6.030253e+05
7.136910e-01 4.157305e+04
1.043218e-02 3.735694e+04
1.245065e-01 1.106519e+04
3.383215e-01 7.965696e+04
5.860706e-02 1.407127e+05
1.156259e+00 1.626531e+05
6.436801e-01 1.205100e+05
1.694289e+00 4.488961e+04
2.763970e-01 4.731468e+04
1.060971e+00 4.119319e+04
2.267296e+00 8.728290e+04
5.665776e-01 1.393334e+05
7.897434e-02 7.560284e+03
1.075052e+00 4.297276e+03
1.791304e-01 4.875910e+04
5.328700e-01 8.415113e+04
2.851187e-01 1.629511e+05
1.064420e+00 2.816000e+05
9.522347e-01 2.199796e+05
1.815622e+00 4.317703e+04
2.730553e-01 1.120108e+05
2.521601e-02 2.548104e+05
2.947561e-01 1.231484e+04
5.831904e-01 7.663405e+04
1.035104e+00 1.825884e+05
6.682987e-01 1.777789e+05
1.489491e+00 8.968022e+03
1.022554e+00 1.280839e+05
1.554108e-01 1.144433e+05
2.625555e-01 2.865514e+04
6.861982e-01 6.927332e+04
1.831930e-01 2.665604e+05
2.000468e-01 1.534875e+04
3.076864e-01 5.168846e+04
1.577594e-01 7.117450e+04
3.489062e-01 1.409088e+04
2.342890e-01 1.249426e+05
2.400785e-01 1.319922e+04
3.319854e-02 1.590227e+04
5.960092e-01 1.231251e+05
1.226635e+00 2.386807e+05
1.442633e-02 1.379018e+05
3.319486e-01 7.906755e+03
5.101623e-01 4.214546e+04
8.991746e-01 4.270640e+04
2.409515e-01 4.126724e+04
6.262533e-02 2.441792e+05
7.269077e-01 4.384748e+03
1.664971e-01 8.576571e+04
1.539427e-01 4.114254e+04
4.681285e-02 1.603443e+04
1.861122e-02 1.219984e+05
3.041045e-01 1.624591e+04
2.618472e-01 4.727624e+03
8.233256e-01 1.452238e+05
5.033340e-01 1.568124e+05
4.414579e-01 3.594263e+05
5.796734e-01 9.588646e+04
1.037975e-01 2.075666e+04
7.480091e-01 4.370727e+03
9.422480e-01 2.622207e+04
9.818922e-01 2.510117e+04
5.096208e-01 1.841396e+05
