2.709342e-01 3.005558e+04
1.178078e+00 1.441463e+05
5.164144e-02 1.974314e+04
4.519318e-01 3.680969e+04
6.870239e-02 1.195342e+04
2.294714e-01 5.857307e+04
8.501287e-03 1.561175e+05
9.778006e-01 5.429923e+04
1.766903e+00 4.084594e+04
4.971884e-01 2.428527e+05
1.000957e-01 1.146766e+05
1.193610e+00 1.581389e+05
9.527865e-02 9.318441e+04
1.194974e-01 4.864910e+05
1.665960e+00 2.749414e+04
3.702647e-01 3.415505e+04
1.269344e-01 5.234435e+04
2.445797e-01 3.318153e+04
2.330875e-02 2.986124e+05
4.373700e-01 4.145822e+04
6.716964e-02 1.322968e+04
8.849863e-01 2.562589e+04
3.153892e-01 2.648171e+04
1.774740e-01 6.210471e+04
4.678883e-01 1.890358e+05
1.684139e+00 9.155775e+04
4.147568e-01 7.857333e+04
6.482666e-01 5.998710e+03
9.551629e-02 1.383594e+05
1.004931e-01 1.094531e+04
8.830779e-02 4.741339e+03
1.642102e+00 5.818130e+03
2.898273e-01 2.088564e+04
1.073599e+00 3.349460e+05
8.460438e-02 3.792966e+03
1.934617e-02 3.006906e+05
9.087378e-01 1.080677e+05
2.934546e-01 7.276473e+03
3.044311e-01 9.059305e+04
3.578900e-01 5.497283e+04
1.400614e-01 4.144821e+04
4.907354e-01 1.078836e+05
6.144796e-02 1.267863e+05
4.257042e-01 1.142334e+05
2.865250e-01 3.333195e+04
4.630208e-01 6.113050e+04
1.669351e-01 1.407123e+04
1.543281e-01 1.107596e+04
1.012495e+00 8.297510e+04
5.705523e-02 2.421178e+05
7.387357e-01 1.786883e+05
5.480614e-01 8.655110e+04
7.911814e-02 1.330562e+05
1.535096e-01 1.727910e+05
8.220056e-01 1.259775e+05
5.351308e-01 2.445172e+04
8.516385e-02 8.380665e+04
2.515338e-01 1.479676e+05
8.349136e-01 3.233645e+03
6.295750e-01 2.012357e+05
2.646369e-01 1.178033e+05
6.126615e-01 2.519610e+04
1.008129e+00 2.998720e+04
5.270559e-02 9.252253e+04
6.076675e-01 2.248830e+04
2.844218e-01 8.137353e+04
2.689459e-01 5.941640e+04
1.451026e-01 6.181499e+04
8.776852e-01 3.627619e+04
6.049462e-02 1.396401e+05
4.320498e-02 3.776316e+04
1.500209e-01 5.152555e+04
4.114751e-01 1.223877e+05
1.235684e-01 3.312837e+04
1.807315e-01 5.201757e+04
3.458020e-01 3.690463e+04
3.774447e-02 2.219394e+05
3.788643e-01 9.071064e+04
3.930988e-01 7.840290e+04
6.014368e-02 6.856627e+04
7.292066e-01 2.141259e+04
3.342655e-04 2.471047e+03
4.019158e-01 1.308793e+05
6.158412e-03 1.554800e+04
2.041657e-01 6.644848e+04
1.342594e-01 7.568104e+04
4.773604e-01 4.794260e+04
1.996069e+00 5.633352e+04
6.170328e-01 1.271587e+05
2.040200e+00 2.227653e+05
8.712577e-01 3.283909e+04
9.068075e-02 4.047310e+03
8.480126e-01 1.888073e+05
4.237355e-01 2.781356e+05
7.522925e-01 6.301991e+04
4.097939e-01 8.208811e+04
9.356798e-01 8.135542e+04
2.221676e-02 6.677803e+04
4.995377e-02 4.234544e+04
3.909750e-01 4.665651e+04
4.359753e-02 5.827088e+04
2.601872e-01 8.757926e+02
1.991966e-01 2.700903e+05
5.662894e-01 1.345726e+05
1.664327e+00 4.529254e+05
5.367887e-01 1.836743e+05
1.578072e+00 2.713388e+04
5.257707e-01 1.215087e+05
5.887607e-01 2.612007e+04
1.011073e-01 4.532878e+04
6.300609e-01 3.061002e+05
1.494248e-01 8.216284e+04
9.042543e-02 3.342844e+04
1.412110e+00 3.097029e+04
1.790512e+00 7.769231e+03
5.057683e-01 7.094486e+04
8.244297e-01 6.698087e+04
4.437979e-01 5.461995e+03
3.697221e-01 5.943545e+05
2.550928e-01 4.808545e+03
1.859795e-01 6.836990e+03
7.730410e-01 2.277546e+05
5.218950e-01 9.209611e+03
3.569813e-01 9.687500e+04
3.347832e-02 1.553501e+05
1.826596e+00 4.503371e+04
3.115904e-01 1.169556e+04
6.179272e-01 5.064025e+04
4.379655e-01 6.474065e+03
1.903837e-01 2.017816e+04
3.681325e-01 7.280395e+04
5.299243e-02 1.348509e+05
5.607931e-01 9.048253e+04
1.452660e+00 9.291026e+04
9.054637e-01 1.532834e+05
1.110349e-01 1.174243e+05
5.013100e-01 6.256871e+03
1.153045e+00 3.048616e+04
3.818614e-01 1.523345e+04
2.122498e-01 2.412365e+04
1.150673e-02 1.974293e+05
3.856662e-01 1.343389e+05
4.429113e-01 2.213988e+04
1.032610e+00 1.809908e+05
2.408259e-02 2.409728e+04
5.173732e-02 9.529470e+04
4.702618e-01 8.080284e+04
4.384727e-01 6.338424e+04
1.758314e+00 2.215177e+03
7.771065e-02 8.353368e+04
2.650031e-01 6.606107e+04
1.414396e+00 8.410230e+04
5.339519e-01 2.627097e+05
1.217836e-03 1.015358e+05
5.233038e-01 2.146254e+05
5.600365e-01 1.259049e+04
1.025604e+00 1.699434e+05
1.877067e-01 6.756382e+04
2.479763e-01 1.406259e+04
1.637223e+00 2.679800e+05
1.374827e-01 1.352923e+04
3.340579e-02 5.328628e+03
5.195374e-01 1.531276e+04
1.580706e-01 1.105012e+05
4.447461e-01 1.209928e+05
1.254759e+00 6.227220e+03
3.891181e-01 4.650987e+04
1.359604e+00 1.515522e+05
2.595629e-01 4.810125e+04
2.653259e-02 4.165104e+04
8.684293e-01 1.565827e+05
4.730329e-02 6.932018e+04
9.312335e-02 2.114794e+03
1.187781e-01 1.096513e+04
8.503222e-01 1.230729e+05
1.767131e-01 5.488850e+04
5.756772e-01 1.654692e+05
4.955176e-01 7.799680e+04
1.475770e-01 5.916805e+03
9.330301e-02 4.426667e+04
1.639173e-02 1.324560e+04
8.936229e-01 9.077062e+04
3.159288e-02 1.018686e+04
5.784508e-01 3.254437e+05
6.646398e-01 9.201239e+03
5.464396e-01 2.391575e+04
1.154348e-01 6.415698e+04
3.936473e-01 1.300635e+05
5.584665e-01 9.215433e+04
6.385898e-01 3.356752e+04
3.073249e-01 1.065979e+05
4.121715e-01 1.524790e+05
1.866198e+00 9.388866e+04
1.744366e-01 2.442628e+05
7.484544e-01 3.986152e+04
1.826217e-01 1.781564e+04
8.824030e-01 2.963636e+05
2.186950e-01 1.615434e+05
1.498319e-01 9.597136e+04
2.957297e-01 3.957638e+04
7.397811e-01 3.871108e+04
3.658543e-01 5.439634e+04
2.032472e-01 4.031943e+05
2.570367e-01 8.544963e+04
1.981059e+00 6.743750e+03
2.997046e-01 4.861677e+04
1.054201e-01 7.708705e+04
4.072721e-01 1.042324e+05
1.934589e-01 5.652577e+03
6.572580e-02 4.505944e+04
4.507181e-02 2.941694e+04
3.040592e-01 8.180530e+04
1.456784e-01 3.211566e+04
2.892156e-01 2.886031e+04
3.120316e-01 1.157602e+05
7.126384e-01 2.588743e+05
1.862427e-01 1.853494e+05
1.958760e-01 1.058235e+05
5.471942e-01 8.043699e+04
9.098354e-01 2.300893e+03
1.707960e-01 9.675511e+04
7.002604e-01 2.677781e+05
1.165528e+00 6.531448e+04
5.757218e-01 1.749861e+05
1.127071e+00 1.700716e+05
3.627417e-01 3.797198e+04
5.863505e-02 1.052150e+04
2.175474e-01 1.291848e+05
1.132885e+00 8.854764e+04
4.535880e-01 6.036670e+04
1.816174e-01 4.862506e+04
1.450346e-01 7.721516e+04
2.946224e-01 2.868510e+05
4.583907e-01 1.590713e+04
4.488463e-01 2.145374e+05
1.510062e-02 1.241419e+04
2.238574e+00 3.184167e+05
5.980987e-01 4.534209e+03
7.498831e-02 3.214697e+05
1.252866e+00 1.819936e+05
5.877008e-01 3.778912e+04
6.795057e-03 1.313346e+05
7.739605e-01 1.187376e+05
2.260113e-02 1.822515e+05
5.103638e-01 3.912190e+04
9.233449e-01 8.318230e+04
5.839183e-01 2.951552e+05
2.176292e-01 1.116729e+05
1.404983e+00 5.355647e+04
4.700944e-01 5.032126e+04
2.693647e-02 4.442403e+04
9.823733e-01 1.780654e+05
7.798658e-02 6.224084e+04
8.282259e-01 4.225873e+05
6.919168e-01 1.000442e+05
5.324621e-01 3.530854e+04
2.275520e-01 2.523591e+04
6.013547e-01 4.628757e+04
1.694521e+00 1.413749e+05
5.378866e-01 1.221655e+05
6.654114e-01 1.732925e+05
6.952223e-02 3.259675e+04
1.742668e-02 3.000099e+05
4.612253e-01 2.261098e+05
1.887695e-01 5.177417e+05
6.869825e-01 2.965630e+04
5.823371e-01 1.377914e+05
3.529753e-01 3.077647e+05
1.089805e+00 5.541818e+04
1.407433e+00 1.152766e+05
3.928746e-01 7.556652e+04
1.743541e-02 2.137025e+05
1.003390e+00 2.704851e+05
1.622338e+00 2.763527e+04
5.727046e-01 1.065684e+04
1.257194e-01 8.651125e+04
1.013620e+00 1.440161e+04
9.500622e-01 4.148907e+04
3.995541e-02 3.135431e+04
2.213444e-01 2.972722e+05
1.267486e+00 2.465506e+05
5.092789e-01 2.763523e+05
3.425018e-01 9.756860e+04
4.310021e-01 1.281182e+04
1.323592e+00 3.937944e+04
1.573667e+00 1.708306e+05
6.008454e-01 9.762572e+04
2.807096e-01 4.379161e+03
2.066147e+00 9.102201e+03
7.727808e-02 7.709315e+04
4.755119e-01 1.209083e+05
1.800539e-01 1.006211e+05
3.914471e-01 8.017321e+04
9.975129e-01 3.188630e+04
2.537944e-01 1.395769e+05
2.443973e-01 8.820984e+04
4.502036e-01 4.994019e+04
6.138756e-01 5.945933e+03
9.169772e-01 7.169736e+04
4.319834e-01 2.170747e+03
4.787802e-01 4.135738e+04
2.369426e-01 5.362423e+04
3.581870e-01 6.370571e+03
1.635571e-01 3.163905e+04
1.931346e+00 3.449660e+03
2.403021e-01 3.899451e+04
1.513624e-02 1.176895e+04
1.085438e-01 1.129213e+04
1.903025e-02 5.735824e+04
2.155705e-01 1.445442e+03
1.274969e-01 1.532401e+05
1.060149e+00 3.230574e+04
1.241562e-02 2.860314e+04
4.661987e-02 7.436049e+03
1.139149e-01 2.687948e+04
5.417824e-01 1.776245e+05
2.321381e+00 7.683128e+04
4.185370e-01 1.972368e+02
4.120042e-01 2.194728e+05
1.045230e-01 1.703618e+05
1.815965e-01 6.923645e+04
4.975672e-01 3.872353e+04
1.562949e-01 2.931846e+05
1.563740e+00 6.451367e+04
1.019778e-01 7.577688e+04
6.906535e-01 2.401376e+04
1.506291e-01 6.987928e+04
3.507098e-01 2.897734e+05
8.219615e-02 2.194459e+04
5.556291e-02 4.710713e+02
5.299769e-01 4.586030e+04
4.142517e-01 1.112545e+04
2.758620e-02 1.565598e+05
1.466662e-01 2.909104e+04
4.873813e-01 1.932178e+05
7.246754e-02 1.477372e+05
2.946646e-01 5.355712e+04
3.021165e+00 2.741436e+04
1.933501e-01 1.358855e+04
1.083182e+00 1.864623e+05
1.443478e-01 2.815272e+04
2.517892e-02 9.080868e+04
5.568193e-02 1.473793e+04
3.796944e-01 9.232121e+04
2.783060e-01 1.435496e+04
1.300482e-01 1.382098e+04
5.489585e-01 6.964461e+04
1.136314e-01 1.540424e+05
8.123575e-01 4.697018e+04
5.609433e-01 2.355773e+04
9.253953e-01 5.009506e+04
3.283313e-01 1.085588e+05
3.472517e-01 1.626923e+05
2.713847e-01 1.265675e+05
3.125933e-01 3.876612e+05
4.906712e-01 2.883135e+05
3.059501e-01 2.527325e+04
2.427234e-01 2.612558e+05
6.291986e-01 1.453492e+04
2.185223e-01 8.434228e+03
4.456426e-03 5.827679e+04
9.692850e-02 8.614036e+04
1.292661e+00 1.748485e+05
9.808202e-01 5.696736e+04
2.458392e-01 1.499201e+05
8.418229e-02 8.907391e+04
3.326434e-02 8.990622e+04
1.905007e-01 2.756442e+04
2.412173e-01 2.643250e+05
1.348872e-01 9.781959e+04
3.277882e-01 1.839587e+04
1.800769e-01 3.092003e+04
6.868613e-01 1.123675e+05
1.989594e+00 3.978460e+04
6.177082e-01 4.748877e+04
4.022897e-02 3.173955e+03
1.067368e-01 9.412261e+04
4.360912e-01 6.727335e+04
4.832960e-01 6.343761e+04
4.422075e-02 1.421028e+05
1.379427e+00 2.348955e+05
1.381125e-01 7.980601e+03
3.991129e-01 2.791204e+05
9.872220e-01 4.708278e+04
2.477150e-01 7.026773e+03
2.947166e+00 3.019944e+05
2.996783e-01 2.015363e+05
2.334850e-02 5.806347e+04
6.155581e-01 1.335179e+04
5.165388e-02 1.337166e+05
1.450141e-02 5.833361e+04
3.296802e-01 1.586650e+04
4.571488e-01 1.778402e+05
1.387051e-01 1.537391e+05
1.250645e-02 1.171480e+05
1.214321e+00 9.313452e+03
3.576628e-01 5.801960e+05
7.906817e-01 4.923172e+05
5.849126e-01 9.515425e+04
5.400444e-01 1.903417e+05
1.154433e-01 6.844044e+04
3.440451e-01 4.765694e+04
1.219832e+00 3.223018e+04
2.024701e+00 1.093817e+05
1.047978e-01 8.021550e+04
2.144034e-01 1.451642e+05
1.550965e-01 4.469084e+04
6.752623e-01 4.529723e+04
4.470487e-01 1.013042e+05
3.258656e-01 2.647350e+04
2.245947e-01 1.649887e+05
1.285524e-01 7.326102e+04
2.697031e-01 9.144982e+04
1.749197e-01 4.818233e+05
4.149491e-01 3.347411e+05
3.230332e-02 1.441943e+05
3.000963e-01 1.469097e+04
1.870740e-02 6.880596e+04
3.357814e-02 2.993458e+05
5.184183e-01 6.499526e+04
5.036566e-01 1.559199e+04
6.230581e-02 7.912077e+04
5.004812e-01 8.349225e+04
1.577541e-01 2.956010e+05
1.538743e+00 1.925489e+05
6.745518e-02 1.423524e+05
1.911798e-01 1.633297e+05
1.054521e-01 7.682420e+04
6.762076e-01 1.135244e+05
4.473696e-01 3.128708e+05
6.642461e-01 2.792797e+05
2.938585e-01 1.347132e+04
4.206630e-01 1.176708e+05
9.637427e-01 1.139989e+05
6.021025e-01 2.253332e+04
1.376113e+00 4.948984e+03
3.814531e-02 1.667058e+05
5.370954e-01 4.279157e+04
2.746129e-01 3.773690e+05
5.166238e-01 1.039018e+05
2.150735e-01 4.433944e+04
9.652323e-02 9.111162e+04
2.150781e+00 1.018372e+05
1.467723e-01 4.492223e+04
1.956496e-02 1.137284e+05
7.815903e-03 1.256512e+05
2.535498e-01 9.644476e+04
3.779896e-01 2.178560e+04
4.862164e-01 2.378938e+05
6.435837e-01 3.266194e+05
2.002578e-01 4.531065e+04
9.602007e-01 1.193002e+05
2.147607e-01 2.472394e+05
2.058446e-01 2.174874e+04
5.061018e-01 3.522920e+03
2.677113e-01 1.913717e+05
5.215013e-02 2.772793e+04
4.003715e-01 1.128421e+05
1.787442e+00 8.652296e+04
5.986680e-01 1.891808e+05
2.298492e-01 3.372490e+05
9.285718e-01 2.072284e+05
2.176001e-01 9.060029e+03
2.963779e-01 1.819011e+04
7.840497e-01 6.790002e+04
3.134471e-01 1.248038e+05
5.730729e-01 7.253363e+04
4.446017e-01 7.003436e+04
1.307249e-02 2.023112e+05
1.422489e-01 2.655984e+04
1.009801e+00 4.191562e+04
4.023360e-01 3.047236e+04
2.454170e-01 2.092536e+05
1.548197e-02 1.327965e+05
3.294163e-01 2.414574e+04
2.721381e-01 1.584910e+05
1.876192e-01 1.052362e+05
6.806353e-02 1.883138e+04
4.872760e-01 1.466661e+05
3.545468e-02 3.901650e+05
9.573740e-01 2.570464e+04
3.174431e-02 5.976050e+04
9.467296e-01 2.140423e+04
3.149152e-02 4.125588e+04
6.963340e-01 5.869787e+03
5.070783e-01 4.390517e+04
1.269347e-01 8.200350e+04
1.385204e+00 8.867798e+04
1.139289e+00 4.892087e+04
1.640027e-02 2.415841e+04
3.113239e-02 1.020766e+05
9.787270e-01 1.074199e+05
9.169950e-02 6.607530e+04
2.988008e-01 6.840895e+04
1.331010e+00 1.257337e+05
5.368030e-01 8.192058e+04
2.667033e-02 4.997815e+04
6.130306e-02 3.792989e+05
5.286179e-01 2.590515e+05
4.513540e-01 2.448053e+05
5.133626e-01 3.538775e+05
2.197551e-01 2.326531e+05
1.189088e-01 2.332924e+05
9.270839e-01 1.570265e+05
2.893707e-01 1.209596e+05
8.617159e-01 1.690226e+05
8.507195e-01 1.115525e+05
1.822674e-01 3.262976e+04
2.141970e-01 1.375576e+05
2.305824e-02 2.475374e+04
5.723383e-01 2.570869e+05
2.962118e-01 2.758289e+05
9.757060e-01 3.820698e+04
4.300839e-01 2.132999e+04
2.555169e-01 1.525797e+05
5.607974e-01 2.757604e+04
2.251138e-01 2.902102e+05
1.872278e-01 2.896004e+04
1.279885e-02 1.196368e+05
1.158200e+00 1.387511e+05
7.334866e-02 5.938362e+03
1.324183e+00 1.044401e+05
3.141336e-01 3.849846e+04
4.976301e-02 7.361484e+04
5.325399e-01 1.435183e+05
3.359296e-01 1.578840e+05
7.928108e-01 4.307701e+04
8.185198e-03 8.365128e+04
7.168835e-01 1.429632e+05
1.364066e-02 4.439499e+04
3.134629e-01 2.974244e+04
1.548412e-01 1.082439e+05
2.334842e-01 9.142427e+03
2.728964e-01 1.067072e+04
2.379114e-01 5.768314e+04
8.077115e-01 5.376998e+04
4.591036e-02 1.025396e+05
5.455823e-01 1.470529e+05
9.139111e-02 2.326814e+05
2.353356e-01 9.269046e+04
2.846105e-01 1.272724e+05
