2.513072e-04 1.084328e+05
9.738890e-01 3.689931e+04
1.180517e-01 2.358311e+05
6.980720e-01 1.445030e+05
7.355598e-01 9.104531e+04
8.636136e-01 5.682647e+04
1.612701e+00 2.302907e+05
6.425944e-02 1.083362e+04
4.455465e-01 2.530548e+04
2.280095e+00 4.397737e+04
2.777006e-01 1.352785e+05
6.643876e-01 1.922369e+05
6.417493e-01 2.950203e+04
1.273415e+00 2.014055e+05
1.678639e+00 3.969071e+04
2.578761e-01 2.464655e+05
5.888314e-01 1.534216e+04
5.275992e-01 6.226081e+04
8.717108e-01 3.942049e+04
1.656633e-01 2.225696e+05
5.900061e-01 1.954864e+04
4.683407e-01 1.581522e+04
5.292886e-01 1.391389e+05
1.371325e+00 5.955611e+03
3.358879e-01 7.068377e+04
1.003919e-01 1.512195e+04
1.011420e+00 1.843907e+04
7.157569e-01 5.153065e+04
6.062774e-01 1.958468e+05
2.512488e-01 4.777574e+04
8.849176e-01 5.266212e+04
1.099508e-01 1.955081e+05
6.575731e-02 8.509219e+04
3.160062e-01 1.039377e+05
9.740294e-01 8.586046e+04
3.919092e-01 2.673019e+04
3.902962e-01 8.331295e+04
2.708686e-01 2.727695e+05
5.620446e-02 3.583606e+04
1.203579e+00 2.825600e+04
3.749207e-02 4.350331e+04
9.266929e-01 7.387992e+04
3.083104e-01 1.972126e+05
1.432462e-01 6.357792e+04
7.959268e-01 7.669747e+03
3.854621e-01 9.938871e+04
1.162106e+00 1.901898e+04
2.678948e-01 2.546218e+04
1.498880e+00 5.578516e+04
5.096580e-02 2.984479e+05
5.541677e-01 4.007973e+04
1.669749e+00 7.980751e+04
5.956316e-01 7.265060e+04
6.791084e-01 3.377884e+05
9.642353e-02 1.324904e+05
1.828687e-01 4.514520e+04
8.045961e-01 2.149234e+05
1.972300e+00 1.620986e+05
7.917073e-01 5.853452e+05
2.849362e-01 1.528846e+05
5.197271e-01 4.476114e+04
8.139052e-01 2.018636e+05
4.348073e-01 2.328136e+04
4.124999e-01 2.963488e+04
2.705638e-01 5.665609e+05
1.214222e-01 1.839460e+05
3.270613e-01 6.543521e+04
4.517314e-02 3.137731e+04
1.168304e+00 9.610542e+04
6.193341e-02 3.915207e+04
1.186870e-01 1.269954e+04
4.460358e-01 1.839258e+05
4.620362e-01 1.296523e+05
6.956499e-03 1.110711e+05
5.897087e-01 3.761112e+04
6.997806e-02 2.139202e+05
2.007257e-01 4.754052e+04
2.086250e-01 1.011900e+05
2.970230e-02 1.989496e+04
1.800030e-01 3.699579e+04
2.318035e-01 4.133696e+04
1.081084e+00 8.006833e+04
2.646019e-01 9.035559e+02
1.505097e-01 3.083226e+04
1.018124e+00 1.977924e+05
2.138182e-02 3.864246e+04
7.978261e-01 3.964856e+05
1.428634e-01 7.079105e+03
3.854268e-01 2.596903e+04
3.135935e+00 2.943090e+04
3.348730e-01 1.832911e+04
9.048993e-01 1.430831e+05
6.150559e-01 3.582907e+05
1.034607e+00 3.973361e+04
1.020441e-01 2.149770e+05
1.617778e-03 3.319902e+03
1.722992e-01 6.406655e+04
8.472150e-03 7.940338e+03
2.201140e-01 1.614428e+05
5.031275e-01 2.966360e+04
2.244508e-02 5.116048e+03
1.165791e-01 3.685417e+04
5.505123e-01 1.115221e+05
1.383804e-01 3.460246e+05
1.335155e-01 6.223013e+03
9.247214e-01 3.288850e+03
2.795700e-01 8.965997e+04
4.423838e-01 9.187802e+03
9.581706e-01 6.835980e+04
1.327117e-01 1.107676e+05
1.405080e+00 3.667943e+04
1.588771e-01 2.952124e+04
4.881011e-01 1.647688e+05
2.729000e-01 2.672453e+05
1.075262e-02 1.291177e+05
4.170422e-01 8.866122e+04
1.311277e-01 1.558296e+05
5.415511e-01 4.862684e+04
4.265965e-01 7.597500e+04
6.690927e-01 9.134862e+03
6.300161e-02 3.568107e+05
1.145018e-01 2.759535e+04
7.074187e-01 1.144250e+05
2.389615e-01 3.563589e+04
4.828000e-01 5.465931e+04
1.920735e-01 1.175092e+04
1.673268e-01 2.529382e+04
1.111311e+00 2.501134e+05
3.125484e-01 4.798272e+04
5.623347e-01 2.376630e+05
1.357587e+00 8.903987e+04
3.885119e-01 1.796118e+05
6.935155e-01 1.337410e+05
2.624172e-02 2.435547e+05
2.569286e-01 3.763390e+05
1.086973e+00 1.159348e+05
8.038576e-03 2.614943e+04
1.741353e-01 1.836265e+05
5.890023e-01 2.638870e+04
3.076114e+00 1.541541e+05
4.132891e-01 1.334925e+05
3.692326e-01 2.538033e+05
2.390929e-01 4.055547e+04
8.617537e-02 3.229111e+05
1.532012e-01 5.576540e+04
6.312266e-01 9.951750e+04
1.951647e-01 2.465905e+05
7.382705e-01 2.770862e+04
4.081500e-01 2.411739e+04
3.506652e-01 1.505387e+04
5.430061e-01 4.465888e+04
2.012144e-01 8.368284e+04
1.001768e-01 3.184146e+04
6.428920e-02 4.458504e+04
6.643639e-01 3.112270e+04
2.354748e-02 4.488249e+04
4.326984e-01 2.825880e+04
5.938349e-02 5.494076e+03
5.483192e-01 8.070617e+04
1.305317e+00 1.998372e+04
1.096671e-01 4.454591e+04
1.066764e-01 3.540374e+05
6.665284e-01 4.306962e+04
4.390902e-02 5.392406e+04
2.434616e-01 1.615712e+05
1.739749e+00 4.767876e+04
7.610101e-01 3.150903e+05
7.867678e-01 2.971542e+03
1.298123e-01 3.440664e+05
1.542407e-01 1.386753e+05
6.216030e-02 2.072777e+04
4.782343e-01 2.729773e+05
1.457341e-01 8.526374e+03
8.089829e-01 4.345265e+03
5.518390e-01 1.835335e+05
7.317084e-02 3.397671e+04
4.057756e-01 8.132332e+04
6.220152e-02 7.008962e+04
1.187380e+00 2.079146e+05
6.170051e-01 1.683717e+05
6.340856e-01 1.615252e+05
3.002609e-01 3.917374e+04
4.649178e-01 3.282432e+04
1.815747e-01 1.266573e+05
5.685135e-01 2.558637e+04
1.427364e+00 1.270963e+05
1.098215e+00 1.745657e+03
2.559813e-01 1.424688e+05
2.060258e-02 1.569006e+05
1.278810e+00 1.190033e+05
2.491606e-01 9.145399e+04
9.647699e-03 9.918907e+04
1.173179e-01 3.283856e+04
1.639897e-01 1.393159e+04
7.221877e-02 1.578303e+05
2.792564e-01 1.461504e+05
4.423025e-01 3.764100e+04
1.861377e-02 5.446919e+04
6.029871e-02 4.845309e+03
2.523248e-01 1.867199e+05
7.148123e-01 1.891233e+05
2.862080e-02 1.670716e+05
3.164097e-01 8.507657e+04
2.674862e-02 2.268984e+05
3.845927e-01 1.724823e+05
2.014641e-01 4.888006e+04
7.346603e-02 3.147865e+05
2.301385e-01 8.953852e+04
1.287133e+00 8.485091e+04
8.782255e-02 4.092944e+04
4.075615e-01 7.014140e+04
4.310620e-01 4.801895e+04
9.577523e-01 4.835357e+04
4.435768e-01 1.210684e+04
1.446196e+00 1.729789e+05
4.156389e-01 2.521880e+05
8.174897e-01 3.047997e+04
5.639903e-01 2.343966e+04
1.599847e+00 4.549109e+05
2.247388e-01 8.828022e+03
3.200607e-02 2.141931e+05
9.337722e-01 2.109590e+05
1.965511e-02 1.094512e+05
7.688625e-01 2.660779e+05
8.259932e-01 1.248807e+05
2.930807e-01 1.858758e+05
6.759023e-01 1.277450e+05
1.548641e+00 1.492038e+05
9.114038e-01 9.046909e+04
4.500864e-01 4.065559e+04
8.585105e-01 3.251773e+04
1.800984e-01 1.871982e+05
5.029130e-01 5.503736e+04
1.599868e-02 9.901393e+04
1.437684e-01 1.167276e+05
1.225771e-01 8.635150e+04
7.959634e-01 4.395893e+03
8.952845e-01 1.817332e+05
4.309709e-02 1.204565e+05
1.054270e+00 3.602068e+04
7.183603e-01 1.889569e+05
3.740794e-01 1.225858e+04
6.829250e-01 2.468809e+05
1.997656e-01 8.383449e+03
1.743682e+00 7.871149e+03
1.092115e+00 1.883880e+04
3.310168e-01 5.132363e+04
2.397272e-01 2.324636e+03
1.901628e-01 6.562002e+04
1.723477e-01 1.121592e+05
1.239596e-02 4.654347e+03
1.028670e-01 7.010938e+04
1.335490e+00 2.220650e+04
1.650758e+00 3.535447e+03
5.527514e-01 3.254101e+05
9.718854e-01 3.971486e+04
9.933642e-01 2.551703e+04
1.367687e-01 4.638457e+04
8.301383e-01 9.110180e+04
4.851828e-01 5.227365e+04
3.424218e-01 1.406889e+05
8.340943e-01 4.419261e+04
8.800273e-01 9.281591e+03
2.212796e-01 8.626056e+02
1.854501e+00 1.219647e+05
8.665869e-01 8.607691e+04
4.051861e-01 2.001459e+05
2.485879e-01 6.029172e+04
9.151952e-01 3.636598e+04
2.283639e-01 1.436888e+04
1.557573e-01 5.898374e+04
3.091176e-01 2.012289e+05
1.046340e-01 7.937632e+04
3.755548e-01 1.068960e+02
1.023230e-01 2.935841e+03
7.703132e-01 7.176869e+04
1.019581e+00 1.287476e+05
2.840921e-01 1.797506e+05
1.494259e-01 1.902951e+04
2.525112e-03 5.312470e+04
4.017433e-02 6.605784e+04
2.906001e-01 1.876572e+05
4.517662e-01 1.043543e+04
1.588219e-01 2.954754e+04
1.560650e-01 1.813554e+05
4.197094e-01 1.754904e+05
1.382130e+00 2.524580e+05
1.592735e-01 1.453476e+05
2.263637e-01 8.498537e+04
5.846840e-01 1.611611e+05
1.292804e-01 2.753441e+03
1.839628e+00 3.187155e+04
8.163221e-01 9.242932e+04
2.223583e-01 1.177693e+05
1.786510e-01 7.602588e+04
1.826393e-01 2.417102e+05
6.082061e-01 1.718526e+04
2.654584e-01 2.055911e+05
1.826773e-01 1.474195e+05
2.960025e-01 7.606706e+04
7.362625e-01 3.057776e+04
8.110711e-02 2.195614e+04
3.810937e-01 2.039287e+05
9.497040e-02 1.290720e+05
1.440930e-01 3.291041e+05
4.606195e-01 3.472794e+04
2.150210e-01 7.421576e+04
4.272650e-01 1.677009e+04
1.135513e+00 2.025282e+04
7.786291e-01 7.852134e+03
1.079928e+00 9.094641e+04
5.262956e-02 6.552020e+04
1.246537e-01 3.996245e+04
4.795674e-01 2.755040e+05
6.707505e-02 1.086495e+05
3.935685e-01 1.537301e+04
1.596028e-01 7.724587e+04
6.867488e-01 1.905498e+05
5.291818e-01 2.537571e+04
5.039913e-01 1.256300e+05
7.335914e-01 5.103502e+04
9.314105e-02 1.510845e+05
8.586020e-01 4.819324e+05
2.070785e-01 1.061868e+05
1.822750e+00 4.175721e+04
2.318340e-01 6.544515e+04
4.558344e-01 2.927551e+05
1.228897e-02 1.400063e+05
2.061553e-01 7.183346e+03
2.307489e-01 2.165132e+04
1.314726e-01 9.713720e+04
2.627858e+00 1.159809e+05
2.774267e-01 4.262697e+04
2.237239e-01 2.052731e+05
1.215354e-01 1.593060e+05
5.339982e-02 3.536353e+05
1.524743e-01 1.616589e+05
3.476606e-01 2.461268e+03
4.086397e-01 2.829589e+05
2.927956e-01 3.534589e+03
1.359668e+00 9.882705e+04
4.980671e-01 3.712232e+04
7.075530e-01 4.239003e+04
2.487599e-01 2.225136e+05
6.207715e-01 1.831250e+05
6.713446e-02 5.927865e+04
3.855486e-01 5.776313e+03
9.175667e-01 4.730728e+03
3.508909e-01 2.742381e+04
1.953910e+00 2.471192e+05
1.570323e-01 4.106423e+04
4.007758e-01 8.540152e+04
3.121768e-01 8.385871e+04
2.120058e-01 2.050735e+04
1.145302e-01 1.249595e+04
4.195616e-01 7.543605e+04
1.610081e-01 9.444573e+04
9.656527e-03 4.435133e+05
7.012842e-01 9.683205e+04
1.202240e+00 5.015393e+05
3.611766e-02 6.923739e+04
5.078106e-02 2.107513e+05
1.018233e+00 1.621675e+05
1.231930e-01 1.258062e+05
8.118489e-01 1.629935e+04
1.982877e+00 6.715236e+04
1.653516e-01 1.639998e+05
4.008445e-01 4.998729e+03
1.146940e+00 1.026924e+05
1.631530e-01 4.272892e+04
2.098787e-01 1.286180e+05
3.885244e-01 3.186471e+04
4.639621e-01 1.010343e+05
3.320704e-01 1.764645e+04
6.843373e-01 5.822163e+04
2.198133e-01 7.871507e+04
9.798304e-01 7.003149e+04
4.169881e-01 5.298121e+03
1.814685e-01 1.194102e+05
4.270137e-01 4.507068e+04
3.101736e-01 4.061071e+04
7.142352e-01 7.061863e+04
6.253306e-01 1.068947e+05
4.812388e-01 6.612393e+04
4.260241e-01 1.102581e+05
4.732504e-02 2.699590e+05
1.019780e-01 1.589304e+05
3.207879e-01 6.583244e+04
7.625141e-01 6.629876e+04
1.021098e+00 1.283064e+05
1.305205e-01 2.659151e+04
8.895688e-02 5.154917e+04
9.761077e-01 6.615198e+04
6.123314e-01 1.138218e+05
4.738039e-02 1.144358e+04
2.367846e+00 4.868118e+04
4.817048e-01 1.166052e+04
4.315115e-01 3.780360e+03
1.431906e-01 3.340922e+04
9.349630e-01 4.448367e+05
4.504511e-01 3.545076e+03
3.193643e-01 1.062744e+05
1.226624e-01 4.210491e+03
6.129408e-04 1.317895e+04
1.865631e-01 6.125295e+02
8.833405e-01 4.150181e+04
3.179410e-03 3.231217e+04
3.432247e-02 1.736581e+05
2.440834e-01 5.682603e+01
1.870215e-01 2.688717e+04
1.445815e-01 1.299931e+05
6.777104e-01 1.068206e+05
4.826886e-01 1.336794e+04
8.880046e-01 1.526122e+05
5.120363e-01 7.423823e+04
1.375322e-01 3.220926e+04
8.030905e-01 8.028686e+04
7.361481e-02 1.402058e+05
1.582271e+00 2.295503e+05
2.261152e-01 3.461513e+05
1.223296e-01 2.308472e+04
1.343202e-01 1.524609e+05
1.119120e-01 9.579102e+03
4.245016e-03 3.622625e+05
4.887264e-01 7.227120e+04
3.305126e-01 2.291652e+04
6.840833e-01 9.496480e+03
1.191936e-01 1.099913e+05
6.654682e-01 3.271456e+04
7.707382e-02 2.716883e+04
7.974746e-01 5.674795e+04
2.471196e+00 8.239275e+04
2.630460e-01 1.409986e+05
9.105314e-01 1.228313e+05
7.098875e-01 2.014209e+04
4.538046e-02 7.977091e+04
3.674816e-01 3.672551e+04
3.562203e-02 1.713391e+04
2.031159e-01 6.935395e+04
7.508277e-02 1.140421e+05
1.606816e-01 4.256125e+05
2.670111e-01 1.004444e+05
9.978535e-02 1.622922e+05
8.760509e-01 5.397519e+04
4.197707e-01 1.922768e+05
3.086756e-01 3.520850e+04
4.325321e-01 2.788796e+04
1.407797e-01 6.961072e+04
1.802390e-01 1.786970e+04
3.457682e-01 1.019417e+05
2.082764e-01 2.441607e+02
6.426197e-01 7.327695e+04
1.746546e-01 1.906435e+04
1.650933e+00 1.553276e+05
2.247595e-01 1.947827e+05
8.324346e-01 5.153329e+04
8.610740e-02 5.971389e+04
6.478163e-01 3.160304e+05
7.022503e-01 1.933299e+04
3.931866e-01 5.128170e+03
1.813159e-01 1.475266e+05
4.709995e-01 1.099990e+05
1.734286e-01 2.556363e+03
1.784382e-01 3.664258e+04
2.010594e+00 2.437281e+04
2.474515e-01 5.215917e+04
2.710799e-01 3.191018e+05
6.558960e-01 3.464984e+04
7.888689e-02 4.844800e+04
5.755083e-01 8.989284e+04
2.035857e-01 3.180801e+04
1.434053e-01 7.962926e+04
1.097530e+00 2.481532e+05
1.803016e+00 2.447740e+04
2.376058e-01 9.616841e+04
3.065681e-01 5.098997e+04
1.326290e-01 5.712834e+04
3.324377e-02 6.139697e+05
4.882321e-01 4.382513e+03
1.336832e-01 5.784119e+04
2.093372e-02 5.297015e+04
2.614127e-01 5.408602e+04
1.073229e+00 9.103739e+04
2.522299e+00 2.919578e+05
2.003366e+00 1.765919e+04
4.342521e-02 8.606921e+01
1.221887e+00 2.338032e+05
1.156351e+00 2.109158e+04
9.545927e-02 4.629305e+04
9.500642e-02 1.079653e+05
6.637350e-01 1.092031e+05
1.201116e-01 3.395345e+04
1.149131e-01 1.564946e+04
5.568906e-01 1.437726e+04
1.855981e+00 1.143659e+05
3.500421e-01 7.459171e+04
2.866795e-02 1.068551e+05
2.917130e-01 1.604289e+04
4.583302e-02 1.214236e+05
2.417568e-01 1.523436e+05
1.592572e-01 8.871394e+04
1.725244e-01 2.616542e+05
6.577979e-01 8.603078e+04
1.210172e-01 2.029385e+05
8.233909e-01 6.875927e+04
3.064512e-01 3.328580e+05
2.871929e-01 4.121770e+05
8.841317e-02 2.315187e+05
5.797593e-01 2.729852e+03
3.214627e-02 7.061996e+04
2.164141e-01 3.450612e+05
1.580002e-01 1.275971e+05
4.544981e-01 1.391263e+05
6.048629e-01 1.141788e+05
1.058937e+00 4.743824e+04
6.257171e-02 1.654617e+05
1.878358e-01 1.012391e+05
1.439940e+00 3.406215e+05
3.198947e-01 1.743048e+04
3.271879e-01 7.843448e+04
8.862267e-01 6.315680e+04
6.911458e-02 2.355791e+05
7.281398e-02 2.135837e+04
1.200085e+00 8.220393e+04
1.450293e-02 1.835262e+05
1.434466e+00 1.326787e+04
3.077619e-01 2.197414e+04
1.188814e-01 1.827859e+05
1.169269e+00 1.165893e+05
7.751459e-01 2.531960e+03
2.452118e-01 1.886450e+03
8.889562e-01 2.892803e+04
1.280593e+00 2.514007e+04
4.794800e-01 1.253625e+05
5.719519e-01 5.853155e+03
2.705858e-01 1.386737e+05
7.955245e-02 1.920751e+04
4.925929e-01 1.095136e+05
3.270794e-01 1.812069e+05
5.418720e-01 5.257393e+03
1.150263e+00 8.010019e+04
6.554649e-01 2.828659e+04
4.105584e-01 1.170614e+05
1.001572e+00 1.447487e+05
1.482147e+00 2.558585e+05
