2.675813e-01 4.853581e+04
8.083120e-02 6.269670e+04
7.714196e-01 5.137733e+04
7.442379e-01 1.349676e+05
7.586962e-01 2.205297e+04
4.250854e-01 1.608643e+05
7.530149e-02 5.214560e+03
4.056292e-01 1.800920e+05
4.485942e-01 3.038958e+05
9.622474e-01 7.233479e+04
2.563410e-01 3.171203e+04
1.597601e+00 7.453102e+04
8.351599e-01 1.810599e+05
6.553080e-01 5.426572e+04
1.222934e-01 9.617998e+04
3.695179e-01 2.684151e+04
4.526953e-02 3.458581e+05
8.401677e-01 2.770218e+04
6.391551e-01 1.868984e+03
2.087949e-01 1.512687e+05
6.456458e-01 2.143786e+05
3.088551e-01 2.127492e+05
4.472975e-01 1.185755e+04
5.479721e-01 1.187963e+05
4.487056e-01 1.468002e+05
1.540890e-01 6.243167e+04
5.773948e-01 1.157272e+05
3.673447e-01 1.932731e+04
2.236053e+00 1.799619e+04
8.568947e-02 3.805112e+04
1.018148e+00 2.737345e+05
1.844169e-01 2.485506e+05
4.621579e-01 2.682365e+03
1.308805e+00 5.381262e+02
9.718202e-01 1.301727e+05
3.169914e-01 6.242325e+04
2.662000e-01 1.056232e+05
7.244479e-01 2.503873e+04
3.305037e-01 2.116923e+05
2.548157e-01 6.997161e+04
9.021055e-01 1.075842e+05
7.310298e-01 3.827761e+04
5.486801e-01 2.907859e+04
1.020743e+00 3.327571e+04
5.804238e-01 2.005306e+05
1.067864e+00 2.925709e+04
1.582118e+00 2.639466e+04
5.423203e-01 2.371099e+04
7.995472e-01 1.620664e+04
6.107939e-01 8.549236e+04
6.785310e-01 5.700159e+03
2.545297e-01 1.720964e+04
4.925657e-02 6.759759e+04
4.236610e-01 1.796055e+05
1.125156e-01 3.573312e+05
4.651488e-01 2.255004e+04
8.762973e-01 2.135281e+04
5.850890e-01 1.111670e+05
1.610910e-01 7.370535e+04
2.780928e-01 3.293207e+04
1.278777e-01 2.157225e+04
9.440738e-03 3.452188e+05
1.877954e-01 1.298649e+05
1.226391e-01 2.864652e+05
1.657443e+00 3.460929e+04
7.922773e-01 1.228636e+04
8.962010e-01 1.167228e+05
2.422444e+00 3.684611e+05
6.164350e-01 2.281747e+05
1.197019e-01 3.038167e+04
4.298930e-01 7.176859e+04
8.743730e-01 2.237612e+04
7.680707e-01 1.327092e+04
6.744386e-01 5.636522e+04
1.346761e+00 5.683477e+04
1.052531e+00 3.507549e+05
6.160426e-01 1.047422e+05
9.994854e-01 1.804284e+05
4.456667e-01 9.951535e+03
4.462990e-01 3.443893e+04
5.988035e-03 1.198604e+05
2.911300e-01 2.978781e+05
5.795341e-02 1.116373e+05
7.272622e-01 1.563717e+05
4.503644e-01 2.006310e+05
7.270134e-01 1.418692e+05
1.420058e+00 1.016808e+05
3.494295e-01 3.818904e+04
3.193570e-01 7.036003e+03
2.002037e+00 4.325752e+05
1.067781e+00 6.942417e+04
3.388494e-02 5.001353e+04
1.120810e+00 1.607734e+05
2.962648e-01 8.584327e+03
2.882324e-01 2.079497e+04
4.539296e-01 2.159821e+05
5.611216e-01 2.490416e+04
8.920888e-02 6.527604e+03
5.215291e-01 1.637059e+05
7.878799e-02 9.216504e+04
7.925291e-01 3.473385e+04
5.971196e-01 1.538510e+05
2.781142e+00 1.434712e+04
6.098643e-02 6.485100e+04
2.286864e-01 4.814883e+03
1.450069e+00 2.917346e+04
1.040966e+00 1.330838e+05
5.429442e-01 1.915331e+05
2.575205e-03 8.608193e+03
4.337874e-02 5.958240e+05
2.660547e-01 4.306654e+04
6.050357e-01 1.734949e+05
2.265837e+00 1.281603e+04
1.315057e-01 5.929796e+04
4.194572e-01 1.517810e+04
9.001290e-01 5.174846e+04
3.440956e-01 1.365203e+05
1.108486e-01 1.611280e+04
1.336504e+00 8.512035e+04
8.277826e-01 1.650807e+05
5.952704e-01 1.625203e+05
2.180131e-01 2.650846e+04
9.771386e-02 2.233141e+05
2.450976e-01 8.498526e+03
3.583233e-03 1.155631e+05
3.961762e-03 1.895170e+04
9.894842e-01 6.050549e+04
1.214145e+00 9.468678e+04
5.598343e-01 1.425100e+05
1.053136e+00 1.776915e+05
5.869315e-01 5.692240e+02
5.139107e-01 9.329205e+04
1.852431e-01 3.600402e+05
1.380366e-01 2.759936e+04
1.005667e+00 2.813522e+04
8.286994e-02 3.122593e+05
3.602223e-01 2.268786e+04
1.475649e-01 2.907871e+05
1.208808e-01 3.161048e+04
3.202990e-01 5.057586e+04
5.520049e-01 1.098500e+05
1.950077e+00 9.535275e+04
4.874258e-01 1.654591e+05
2.886970e-01 3.479018e+04
1.423351e+00 1.371111e+04
8.232964e-01 1.248345e+04
1.534973e-01 3.822768e+04
3.263026e-01 3.755297e+04
1.125264e-01 6.142309e+04
6.107044e-01 4.708698e+04
2.635282e-01 5.676630e+04
1.110229e+00 1.233226e+05
4.287056e-01 4.952569e+04
2.644631e-01 1.282151e+05
3.638618e-01 9.155742e+04
1.029131e-01 5.891743e+04
8.223273e-02 1.041513e+05
5.090056e-01 2.516844e+05
1.231024e-01 6.226059e+04
8.317510e-01 1.329511e+05
7.256303e-01 1.503164e+04
1.590480e+00 8.325017e+04
6.469504e-01 3.424522e+05
1.934231e+00 1.132341e+04
4.931376e-01 1.556938e+04
3.222649e-01 7.233234e+04
2.672231e-01 1.619423e+04
5.220363e-01 1.291833e+05
1.738156e+00 3.573256e+05
5.229112e-01 1.682587e+04
8.909475e-01 4.442391e+04
3.552053e-02 2.084467e+04
1.671319e-03 1.687398e+04
4.204201e-02 8.118074e+04
6.395373e-02 1.567323e+04
1.801660e-01 5.215236e+04
1.250692e+00 2.558159e+04
1.766982e-01 3.769446e+04
1.322754e-01 1.032731e+04
6.364350e-01 8.577041e+04
2.514069e-03 1.493306e+04
1.358481e-01 1.804542e+05
5.868586e-02 8.035578e+04
5.367945e-03 1.338788e+05
5.802930e-02 2.015120e+05
7.074198e-02 3.252859e+05
3.245615e-02 1.967918e+05
7.346121e-01 2.204619e+05
1.723024e-01 1.934680e+05
1.205837e-01 9.824843e+04
8.601208e-01 1.029532e+04
1.055266e+00 1.112611e+04
2.281718e-01 1.987153e+05
7.949184e-01 6.434129e+04
3.997226e-01 4.339928e+04
4.072508e-01 1.722439e+05
1.083930e-01 1.120752e+05
1.280571e-01 1.451792e+05
3.240146e-02 1.076638e+05
8.013499e-01 1.924917e+04
4.344513e-01 3.520749e+04
6.527298e-01 1.211876e+05
1.779648e-02 4.510599e+04
1.062902e-01 3.601661e+05
1.227777e-01 1.377264e+05
7.065602e-01 1.073921e+05
1.208764e+00 8.138297e+04
4.155558e-01 2.894987e+04
6.423313e-02 2.389181e+04
2.954577e-01 1.828241e+05
5.403816e-01 1.566497e+03
4.531124e-01 5.626980e+04
6.989534e-01 1.325095e+04
7.304873e-02 1.677098e+05
1.594566e-01 2.267820e+04
4.638769e-01 2.192306e+04
4.673766e-01 5.210226e+04
2.482887e-01 9.604706e+04
7.007470e-01 1.143279e+05
9.695834e-01 2.836751e+04
2.501113e+00 2.791127e+05
1.094446e+00 6.910666e+03
2.011656e-01 2.425099e+04
1.723636e-01 2.906610e+04
2.109351e-01 2.398112e+04
3.756770e-01 4.532038e+04
3.385031e-03 5.756956e+04
1.911700e-01 1.399279e+05
1.444723e-01 1.427724e+05
3.486183e-01 1.523770e+04
8.233621e-01 5.536140e+04
3.467733e-01 2.217311e+05
2.173311e-03 2.865349e+05
1.293649e-01 4.418254e+04
6.410386e-02 1.590937e+05
7.496001e-02 1.044360e+05
3.946702e-03 3.266982e+04
8.964445e-01 5.872755e+04
2.851184e-01 1.156502e+05
2.441308e-02 6.337122e+05
2.472258e-01 1.718448e+05
1.340100e-01 4.491799e+04
1.250287e+00 5.415618e+04
2.573269e+00 1.044393e+05
3.956626e-01 2.955867e+05
3.890299e-01 3.590847e+04
5.608039e-02 1.893164e+05
5.898161e-01 1.658610e+03
2.342882e-01 2.278006e+05
2.201851e-02 1.223230e+05
1.104700e-02 5.099094e+04
3.622774e-01 1.023614e+05
1.631322e-01 1.777159e+05
5.876339e-01 8.924610e+04
1.463196e-01 1.237574e+05
2.803007e-01 1.093946e+05
1.570851e-01 1.429725e+05
7.556538e-01 1.303696e+05
1.954256e+00 7.004315e+04
1.354985e-01 6.569183e+04
1.691526e+00 3.671347e+04
1.159212e+00 2.217417e+05
1.130770e-01 2.345110e+05
7.096531e-01 3.698675e+05
9.735583e-02 4.667477e+04
1.842959e-01 1.546160e+05
2.523356e-01 1.973797e+05
1.090997e-01 9.192712e+04
1.291688e+00 1.080811e+05
1.953689e-01 2.457612e+05
2.761900e-01 9.374944e+04
1.411478e-01 1.505399e+05
9.580698e-01 1.660511e+05
2.510688e-01 1.011062e+05
2.952239e-02 5.117542e+04
1.591111e-01 1.869130e+04
6.096589e-01 1.431694e+05
4.019740e-01 4.189226e+04
1.208682e-01 1.754031e+05
9.796287e-02 1.361458e+05
8.481411e-01 2.284210e+05
2.666005e-01 3.377795e+03
2.068666e+00 2.815581e+04
4.894620e-01 7.462924e+04
1.282424e-01 6.858184e+02
1.849726e+00 5.172369e+04
1.289111e-02 1.892994e+05
1.267026e-01 1.994949e+05
9.075150e-01 3.514123e+04
2.218705e-01 3.790220e+04
3.448264e-01 8.270034e+04
5.856905e-01 9.297143e+03
2.100728e+00 3.790338e+04
7.146057e-01 2.141921e+04
4.143825e-01 5.054368e+04
3.048777e-01 2.355145e+05
1.062918e+00 6.857804e+04
1.659711e+00 6.266237e+03
7.167347e-01 6.308426e+04
2.161512e-01 4.537870e+04
5.922695e-01 1.292584e+05
6.560030e-01 8.539564e+04
6.740862e-02 1.916434e+05
5.247214e-01 7.145333e+04
4.955655e-01 1.812012e+04
4.618861e-01 6.064390e+04
3.479247e-01 1.636250e+04
1.802099e-01 6.759687e+04
5.119395e-01 2.533727e+04
1.520260e+00 1.583228e+05
7.921367e-01 2.273026e+04
1.058030e+00 1.088070e+05
7.813920e-02 1.535510e+05
3.207780e-01 5.290460e+04
6.988725e-01 3.050077e+05
1.146097e-01 1.486302e+04
1.160464e-01 6.940861e+02
1.335212e-01 8.557637e+03
9.654565e-01 2.525100e+05
5.123126e-01 7.780911e+04
1.574152e+00 2.073814e+04
4.727151e-02 1.408601e+04
7.120914e-01 9.170330e+03
4.542593e-03 5.391266e+04
5.750571e-01 1.925593e+05
3.153710e-02 4.102717e+04
1.489328e-01 1.516807e+04
6.389927e-01 1.092204e+05
9.407693e-01 8.654049e+04
7.695060e-01 8.929039e+04
2.079064e-01 5.860784e+04
1.785900e-01 4.093203e+04
1.580961e-02 3.119934e+05
5.455449e-01 3.898827e+03
5.380569e-01 1.678717e+05
2.245307e-01 6.857574e+04
2.882717e-01 9.860256e+03
9.444460e-02 1.991721e+02
3.280654e+00 9.176612e+03
2.239503e-01 2.770914e+04
2.372017e-01 1.374474e+05
1.452006e-01 1.127385e+05
1.377717e-01 1.549012e+05
4.902259e-01 1.542438e+05
1.160612e+00 1.498366e+05
8.814325e-01 6.310767e+03
6.615339e-03 9.345393e+04
3.057113e-01 1.068366e+04
6.465268e-01 1.005291e+04
1.813541e-01 2.306152e+04
1.244496e+00 2.150530e+05
1.200784e+00 2.039961e+05
1.366622e-01 1.080950e+05
1.706415e-01 2.149900e+05
2.607645e-01 1.798065e+05
8.515212e-01 1.235141e+05
6.088807e-01 1.061423e+05
3.674892e-01 3.096170e+02
6.023701e-02 3.233397e+04
8.981163e-01 7.142816e+04
6.008417e-02 1.164658e+05
8.325786e-01 1.951988e+05
8.153133e-02 1.089105e+05
3.981652e-01 1.484394e+05
7.796030e-04 1.650248e+05
2.599622e-01 2.105817e+05
1.502601e+00 3.534343e+04
1.095366e+00 1.284602e+05
3.001779e-01 1.783776e+04
1.925693e-01 7.272515e+04
9.113919e-01 4.589103e+04
1.947154e-01 5.565577e+04
3.279198e-02 7.354038e+02
2.458814e+00 1.713059e+05
3.324835e-01 2.042112e+04
2.056126e-01 4.544488e+04
2.559469e-01 2.188230e+05
3.372396e-01 1.871167e+05
3.951543e-01 4.067978e+04
7.108855e-02 7.447157e+04
8.567210e-01 3.188814e+04
3.137667e-01 5.794304e+04
5.278612e-01 4.655889e+04
8.280723e-02 1.379600e+05
8.651795e-02 5.846592e+04
3.160171e-02 4.779724e+05
1.857979e-01 1.955626e+04
2.123327e-02 1.055642e+05
8.610442e-01 1.380948e+05
6.471569e-02 2.987080e+05
1.076258e-01 2.660230e+05
1.191147e+00 2.057995e+05
3.322502e-01 3.949551e+04
5.012063e-01 3.530970e+04
1.780299e+00 1.213540e+04
4.160670e-01 1.722750e+05
3.886341e-01 3.186597e+05
8.210197e-02 5.639710e+04
3.518563e-01 1.623189e+05
9.913658e-01 1.884504e+04
9.906267e-01 2.371084e+05
8.339879e-02 1.403976e+05
2.092159e-01 5.969358e+04
2.078424e-01 4.837529e+03
6.231643e-02 1.309599e+05
2.443731e-02 3.551728e+04
2.004272e-01 2.887777e+05
3.380347e-01 6.106722e+04
2.986361e-01 4.837032e+04
4.379635e-01 7.561753e+04
4.748949e-01 4.928115e+04
1.026253e+00 8.810896e+03
2.707119e-01 3.355648e+04
1.293545e-01 3.652730e+04
3.590508e-01 1.799997e+04
6.181944e-01 2.286160e+05
7.908059e-01 8.607246e+02
6.603712e-02 1.778897e+05
1.418001e+00 3.545416e+04
7.160599e-01 1.320887e+04
8.398010e-02 1.011270e+05
4.991244e-02 1.109638e+04
4.688633e-01 3.818267e+03
4.139994e-02 2.713050e+04
2.204167e-01 2.583158e+04
1.006982e-01 1.444868e+05
5.464927e-01 9.561645e+04
1.281344e-01 1.739284e+05
2.257373e-01 2.030748e+05
1.389361e-01 8.871479e+04
8.084515e-01 8.058150e+04
9.712861e-01 7.171412e+04
7.698375e-01 1.894320e+04
7.256264e-01 4.673104e+04
3.909605e-02 5.101858e+04
4.060232e-01 5.473756e+04
2.711923e+00 6.755335e+04
1.025025e-01 1.956627e+04
1.006623e+00 1.067281e+04
1.424935e-01 1.197644e+04
5.008065e-01 8.899826e+04
5.659567e-01 3.694278e+04
2.903576e-01 2.476256e+05
4.643381e-01 1.900914e+04
2.273148e-01 2.306855e+04
7.845037e-01 6.286858e+04
1.273896e+00 1.938621e+05
7.825429e-01 4.060329e+04
4.545768e-01 1.401500e+05
5.744757e-02 7.986471e+04
1.298962e-01 2.975848e+05
2.323548e-01 6.502025e+04
1.096123e+00 2.657891e+04
2.101313e-01 9.333293e+04
1.284173e-01 2.993391e+03
2.301474e-01 1.195112e+04
1.012798e+00 3.429814e+05
4.671389e-02 1.207422e+05
2.574417e-01 4.522043e+04
5.316393e-01 3.803864e+04
1.592199e-02 6.424984e+04
8.970080e-01 5.730176e+03
1.044247e+00 1.572377e+05
1.309912e+00 3.706630e+04
4.620652e-01 2.946655e+05
1.677031e-01 6.103350e+04
1.054723e+00 8.642138e+04
9.660040e-01 1.293680e+05
6.405656e-02 1.618166e+04
5.294699e-02 1.474843e+05
8.776741e-01 3.300927e+04
1.094110e-01 3.699069e+04
5.092836e-01 4.758576e+04
2.817883e-01 2.549769e+04
3.279672e-01 4.823822e+05
2.385308e-01 8.187985e+04
3.271358e-01 1.332623e+05
5.182599e-01 3.344590e+05
1.926983e-01 3.138794e+04
2.933182e-02 7.408726e+04
2.163886e-01 2.242840e+05
8.069270e-01 3.850330e+05
3.438088e-01 2.081791e+05
2.035801e-01 1.356874e+04
5.121146e-01 2.703700e+04
2.991851e-01 1.024356e+04
1.511445e-02 1.461218e+05
2.328034e-01 3.817076e+03
2.028253e-01 7.605304e+04
3.367132e-01 5.198864e+05
4.761669e-01 1.908999e+05
1.338651e-01 2.105457e+04
5.348395e+00 8.692268e+04
4.966668e-01 1.326847e+05
5.695406e-01 1.175089e+05
3.711859e-02 1.297572e+04
3.553214e-01 9.409963e+04
6.204601e-01 1.436292e+05
4.429972e-01 2.415622e+04
8.297761e-01 2.811067e+05
3.374528e-02 2.101853e+05
4.553448e-01 8.648849e+04
1.298645e+00 5.651808e+04
1.566026e-01 2.850854e+05
7.943027e-01 6.464461e+04
1.876716e-01 1.611575e+05
8.298545e-01 1.897942e+02
8.154444e-01 1.948008e+04
1.153539e-01 1.071696e+05
2.596088e-01 3.390712e+04
2.819086e-02 3.124477e+05
2.756999e-01 2.146975e+04
1.011484e+00 1.694951e+05
1.239714e-01 1.110243e+05
4.705653e-02 2.880529e+04
6.287152e-01 4.198256e+04
4.289399e-01 3.513318e+05
3.433326e-01 3.059454e+05
4.418713e-01 4.328104e+04
2.313948e-01 1.049207e+05
1.002402e-01 9.489473e+04
7.612055e-01 2.926609e+05
4.481675e-01 2.183223e+04
9.173442e-02 5.415934e+04
1.006924e-01 1.391187e+05
1.235793e-01 1.788456e+03
2.225998e-02 4.370435e+03
3.352094e-01 2.367788e+04
6.310070e-01 9.725200e+04
6.161824e-02 1.327319e+04
9.669127e-04 6.941251e+04
1.268498e-01 6.314710e+04
2.839747e-02 2.651837e+05
9.929480e-01 1.458887e+05
1.077517e-01 2.630084e+04
5.884879e-01 2.816755e+04
9.281873e-02 8.669198e+04
1.175011e+00 3.878530e+04
5.734384e-01 2.383935e+05
3.258865e-02 6.622140e+04
1.132135e-01 7.996716e+04
4.793768e-01 1.053722e+05
5.678160e-01 9.636375e+04
1.838572e-01 1.520571e+05
4.332328e-01 1.851015e+05
7.346946e-01 1.566556e+05
5.096925e-01 2.083100e+05
7.162058e-01 1.793834e+05
1.888401e-01 6.501300e+04
3.685723e-01 3.083333e+04
4.453366e-01 1.242778e+05
2.206132e-03 9.106855e+04
4.244869e-01 1.480942e+05
6.670115e-01 3.825618e+04
5.218452e-01 6.668100e+04
1.129966e-01 2.075617e+05
9.550208e-01 1.683546e+05
3.604992e-01 1.552885e+05
8.562267e-01 2.070261e+04
3.272688e-01 1.407544e+05
1.376997e-03 3.822519e+04
2.946513e-01 1.133083e+05
2.695589e-01 1.161822e+04
