2.198039e-01 2.816087e+05
7.655665e-02 1.368932e+04
3.779304e-01 3.754949e+05
9.880405e-01 9.073597e+04
5.514836e-01 5.992240e+04
3.107340e-01 5.476268e+04
5.885873e-01 9.622527e+03
4.083353e-01 2.208196e+04
2.326982e-01 1.295822e+05
1.290070e+00 4.393401e+05
1.185093e+00 1.155864e+05
3.511060e-02 8.874919e+04
2.174434e-01 7.031765e+03
1.121613e+00 4.264854e+04
8.472813e-02 1.124961e+05
1.576734e+00 3.122655e+05
2.556710e-01 2.505958e+05
1.175257e-01 7.671812e+03
1.173537e+00 3.284182e+05
5.262404e-01 7.395862e+04
3.221252e-02 2.849436e+05
8.729731e-01 1.298167e+05
1.077972e-03 6.320491e+04
8.415490e-02 8.355369e+04
8.669392e-02 9.358744e+03
8.538176e-02 1.274569e+05
6.551363e-01 2.058471e+04
1.082857e+00 1.236540e+04
2.567085e-01 2.240612e+04
1.409391e-02 8.573026e+04
9.930262e-01 6.551068e+04
5.143595e-01 3.696166e+04
7.473299e-01 2.911187e+04
2.265491e+00 2.279936e+04
3.181035e-02 1.734994e+05
1.374217e-01 3.049483e+04
2.062967e-01 8.253611e+04
7.637341e-01 5.533302e+04
1.158925e+00 4.646948e+03
1.009932e+00 1.858334e+05
2.775099e-01 5.080601e+04
3.591642e-01 1.514613e+05
4.949045e-01 1.575387e+05
2.544814e-01 1.020478e+03
5.853156e-01 1.002550e+02
6.083473e-01 2.365048e+04
2.211539e-03 1.126266e+04
1.419992e-01 1.475619e+05
3.473213e-01 1.547327e+05
6.372264e-01 8.055338e+04
1.712461e-01 4.186652e+04
4.419110e-01 9.148201e+04
5.668508e-01 8.201628e+04
2.424035e-01 2.793695e+05
5.170815e-01 7.545473e+04
1.423624e-02 8.894172e+04
3.753169e-01 2.478008e+04
1.615628e-01 5.823582e+03
3.832236e-01 3.182238e+05
1.276879e-01 2.087914e+04
1.132747e+00 2.230611e+05
1.311992e-01 1.337826e+05
5.765163e-01 3.034748e+05
2.632732e-01 2.941070e+05
2.733069e-01 1.691763e+04
1.497282e+00 8.150708e+04
3.788681e-01 3.200534e+05
2.010196e-01 2.358842e+05
1.095019e-01 1.816171e+05
7.618531e-01 7.097028e+04
1.164032e-01 1.749566e+04
1.802483e+00 4.046823e+04
2.317409e-01 7.168141e+04
6.889429e-01 6.134631e+04
2.425617e-01 1.884053e+05
1.718545e-01 4.357525e+04
1.730607e-02 1.107576e+05
6.172858e-02 6.130010e+04
1.227018e+00 4.782199e+04
1.044149e+00 2.670465e+05
8.793304e-01 2.830016e+03
2.119914e-01 5.080104e+05
3.697402e-01 1.438526e+05
2.260769e-01 2.408796e+04
3.145101e-01 4.658040e+04
1.542445e-01 2.210667e+04
5.245397e-01 2.552204e+05
6.941134e-01 2.202491e+04
9.101161e-01 2.381328e+04
1.680382e+00 8.753612e+04
1.231644e-01 1.244470e+05
2.131933e+00 2.765604e+03
4.346592e-01 3.497850e+04
1.414369e-02 7.179920e+04
1.269191e-01 9.786802e+03
1.062311e+00 5.633557e+04
1.513691e-01 2.309515e+04
5.713140e-01 1.887952e+04
1.599442e+00 3.150090e+04
2.743946e-01 9.123589e+04
1.091740e-02 1.614375e+05
8.274593e-01 9.990180e+04
4.193830e-01 3.577534e+04
1.765254e-01 1.381461e+05
3.251534e-01 1.289497e+05
5.565701e-02 2.188275e+02
1.019188e+00 3.295182e+04
1.036786e-01 2.002208e+05
3.477421e-01 6.467422e+02
4.632076e-01 6.449381e+04
4.980759e-01 5.145452e+04
9.070339e-02 5.404443e+04
4.173204e-04 2.797023e+05
1.311648e+00 5.529826e+03
2.876408e-01 1.317615e+04
1.967267e-01 2.004535e+05
9.541209e-01 8.653978e+03
8.215222e-02 1.079824e+05
5.427489e-01 5.440062e+04
6.588805e-02 4.551603e+04
6.137765e-01 1.369868e+05
7.951481e-01 8.681827e+04
9.602887e-01 4.333552e+05
6.952184e-01 1.297084e+05
4.638568e-01 1.037010e+05
3.208735e-01 1.579567e+04
5.349685e-01 1.086454e+05
1.186121e+00 1.519088e+04
4.388348e-01 2.420297e+05
1.435930e+00 3.152333e+04
4.302119e-01 3.041374e+05
7.990565e-02 1.004339e+05
1.243481e+00 2.015235e+05
3.630477e-01 4.068472e+04
6.684889e-01 2.630262e+04
3.285760e-02 3.753328e+05
1.882900e+00 4.809035e+05
7.248918e-03 7.771156e+03
3.172430e-02 2.241132e+05
5.705066e-01 1.521678e+05
3.593520e-01 1.377940e+05
3.568261e-01 2.692376e+05
8.881393e-01 1.889623e+04
7.076362e-01 2.471367e+05
4.115593e-01 1.881226e+05
8.473912e-01 4.180956e+03
4.779898e-01 2.526579e+05
4.668130e+00 2.089813e+05
3.482913e-01 7.634932e+04
1.876761e+00 2.806673e+05
4.794155e-02 4.101062e+04
5.769288e-03 2.769267e+04
3.737815e-01 5.081870e+04
4.006584e-01 8.549127e+04
3.000551e-02 1.842215e+05
5.780798e-02 1.155237e+05
1.907535e+00 1.969773e+05
6.631084e-01 3.485139e+04
4.146856e-02 1.483042e+05
7.467102e-03 2.636164e+04
6.546739e-04 5.646631e+04
7.018958e-02 1.561677e+05
9.683039e-01 1.920948e+04
1.013360e-02 9.522015e+04
7.526233e-02 1.060171e+04
7.074172e-01 2.781971e+04
1.827866e-01 3.563862e+05
5.009667e-01 1.589119e+05
4.198786e-02 1.435141e+05
1.967317e-01 1.026505e+05
1.636423e-01 6.478694e+03
2.075189e-01 7.960451e+04
2.386997e-01 3.097896e+05
1.512526e-01 1.732223e+04
9.613607e-02 4.943243e+04
8.392216e-02 1.125432e+05
7.614801e-02 3.715417e+04
2.013400e-01 8.083567e+04
1.024083e+00 4.759965e+03
9.486673e-02 9.043584e+04
1.337097e+00 1.194623e+05
8.948918e-01 7.846067e+04
2.259907e+00 1.865555e+05
2.092110e+00 1.485684e+05
5.603066e-02 4.052844e+04
3.452442e-01 8.052984e+04
1.255985e+00 1.292633e+03
2.584471e-01 7.133684e+04
1.538500e-01 5.670064e+04
6.572706e-01 3.525787e+04
1.076487e-01 1.319651e+04
8.041008e-01 5.792478e+04
4.112803e-01 7.016325e+02
1.298488e+00 9.271727e+04
1.617839e-01 7.217210e+04
1.381808e-01 5.495998e+04
1.732737e-01 5.967008e+04
4.968403e-01 2.694058e+05
5.676484e-02 9.730356e+04
8.086939e-02 2.513942e+04
6.220771e-01 1.607810e+04
1.014994e+00 3.693636e+04
2.225147e-01 1.363706e+05
3.915985e-01 4.644039e+04
3.652857e-01 6.152286e+03
7.503514e-01 1.287299e+05
5.615599e-02 2.471586e+05
4.861921e-01 1.212640e+05
5.636739e-01 7.761355e+04
5.824072e-01 2.053882e+03
6.865079e-01 1.572128e+05
7.260616e-01 2.800887e+04
4.827695e-01 6.580004e+04
7.382522e-03 5.843701e+04
7.246100e-01 1.110206e+05
1.013056e+00 9.233865e+04
3.653096e-02 1.250812e+05
1.173886e+00 1.263283e+05
8.357178e-01 2.838250e+05
1.292227e-01 1.163896e+05
6.100524e-01 1.145579e+05
2.334546e-01 6.013045e+04
4.167123e-01 1.532414e+05
5.063937e-01 3.053581e+05
1.430304e-01 2.633167e+04
4.929010e-02 1.030131e+05
5.228630e-01 1.795536e+05
6.652138e-01 2.292410e+04
5.088914e-01 8.408326e+04
6.221479e-01 4.572420e+03
3.203809e-01 1.406220e+05
3.113905e-01 7.838278e+04
8.043278e-01 1.396759e+05
5.307912e-01 1.148471e+05
2.344355e-01 3.074723e+05
5.593204e-01 1.795200e+05
4.450425e-01 4.526901e+03
9.661662e-01 3.537019e+04
3.981004e-02 1.022727e+05
7.062920e-01 2.270952e+05
6.152104e-01 1.825141e+04
1.515744e-01 8.174371e+04
1.508755e-01 9.198249e+04
8.254657e-01 6.851097e+04
7.927531e-01 1.136868e+04
1.267070e-01 3.211782e+04
2.213396e-01 5.224992e+05
1.395758e+00 4.634160e+04
1.424428e-02 2.277052e+04
4.405935e-01 1.572692e+05
2.358227e-01 4.373165e+03
1.265805e-01 2.090564e+05
1.470600e+00 9.420503e+04
9.190556e-02 9.972238e+03
8.215513e-02 1.728866e+04
6.269793e-02 1.217772e+05
6.027641e-02 6.925989e+04
2.875200e-01 1.210008e+05
2.816194e-01 1.716543e+05
1.188603e-01 3.069547e+04
2.808409e-01 3.101570e+04
5.629138e-02 2.410396e+05
1.266912e-01 1.012720e+05
3.476683e-02 1.371464e+05
4.286175e-01 1.002707e+04
2.795368e-02 9.389094e+04
4.614695e-01 6.579816e+04
7.981912e-01 1.005119e+05
1.104067e+00 1.182502e+05
1.073436e+00 1.655293e+04
4.409828e-01 9.652235e+04
7.213126e-01 1.050605e+05
1.170582e+00 1.152877e+05
2.351517e-01 1.327768e+05
2.572270e-02 1.679469e+05
8.100184e-01 3.254370e+05
1.620344e-01 9.626078e+03
8.371590e-01 1.662031e+05
3.187779e-01 2.652704e+03
1.009272e+00 4.817285e+04
1.206281e-01 1.878422e+05
9.697213e-01 5.676225e+04
3.915653e-01 2.324103e+04
2.574807e-01 1.034723e+04
8.710669e-02 2.952672e+04
2.832211e-01 8.126338e+04
6.118715e-02 7.796404e+04
1.104267e-01 9.311590e+04
9.850345e-01 9.758619e+03
6.102346e-02 1.464270e+04
3.024562e+00 4.372978e+03
6.977801e-01 3.180475e+04
1.420276e-01 8.148469e+03
1.850201e-01 1.407369e+05
1.343082e-01 2.673393e+05
8.474201e-01 4.204835e+04
6.497205e-01 1.389161e+05
2.169167e-01 9.707175e+04
8.003910e-02 5.450173e+04
1.386649e-03 2.042798e+05
9.666248e-03 5.154898e+04
2.179445e-01 1.966689e+03
5.982034e-01 1.750493e+05
6.551458e-02 4.741515e+03
2.090197e-01 1.720751e+04
5.384248e-02 8.464285e+04
3.154208e-01 3.147824e+05
3.991451e-01 1.997125e+05
6.673823e-01 1.721216e+05
1.084962e-01 2.082443e+04
4.297097e-01 8.060555e+02
1.074030e+00 1.117278e+05
1.045375e+00 1.551558e+04
4.558770e-01 2.134079e+04
2.762354e-02 1.097637e+04
2.643349e-01 1.013460e+05
1.336741e-01 1.179898e+04
1.092633e+00 6.716758e+04
1.178398e+00 2.863598e+04
1.087120e+00 1.695948e+04
2.859429e-01 9.318518e+04
3.989656e-01 5.475306e+04
4.101243e-01 2.324574e+02
8.171696e-01 8.555135e+04
1.720009e-01 6.026497e+04
2.332707e-01 1.376994e+04
6.809311e-01 1.765782e+05
1.121894e-01 1.354289e+05
8.157686e-03 8.478847e+03
1.466009e-01 6.310174e+04
2.693761e-01 6.344947e+04
4.191385e-01 1.408667e+05
2.257913e-01 9.358084e+03
1.058963e+00 6.569251e+03
1.586089e+00 8.118704e+04
2.060175e-01 9.263391e+02
4.627454e-01 6.622030e+04
4.739993e-01 1.444589e+04
1.354868e-01 1.080979e+05
1.822323e-01 1.096542e+05
8.263618e-01 2.134919e+05
6.582648e-02 5.817058e+03
1.369132e+00 3.196467e+04
9.581271e-02 6.528360e+04
9.000224e-01 1.221758e+05
8.753304e-01 3.651670e+04
1.756597e+00 9.125199e+03
1.212101e+00 9.279787e+04
3.088029e-02 1.021600e+05
2.158097e-01 1.485162e+05
9.643353e-01 2.876599e+05
5.057316e-01 1.666026e+05
1.655735e+00 5.026760e+04
3.143908e-01 7.009125e+04
3.391345e-01 1.564449e+04
7.201452e-01 4.344305e+04
1.447085e+00 3.840966e+03
1.074777e-01 2.356452e+05
3.045761e-01 1.316099e+05
1.680923e-01 1.412301e+04
1.179768e+00 8.941887e+03
1.103956e+00 5.638998e+04
3.996547e-01 7.695904e+04
2.199646e-01 1.943859e+05
1.119047e-01 5.403264e+04
5.912813e-01 7.767908e+04
4.004562e-01 2.207526e+05
1.913159e-01 2.337905e+05
2.192729e-01 1.937744e+04
1.314383e+00 2.188755e+05
4.172925e-01 2.867937e+04
5.946114e-02 1.515227e+05
1.699328e-01 1.523194e+05
1.905266e-01 1.398007e+05
1.752369e-01 5.280496e+04
5.770928e-01 1.781055e+05
8.274512e-01 4.574938e+04
3.583999e-01 1.873751e+05
6.288424e-01 1.357447e+05
2.297283e-01 9.435283e+02
3.840992e+00 5.185939e+03
4.446957e-01 8.654399e+04
2.353913e-01 2.262981e+05
4.921519e-02 1.242734e+05
2.261789e-01 5.649718e+04
1.341006e-01 1.169440e+04
3.055826e-01 5.090536e+03
7.705069e-01 2.211437e+05
2.322871e-01 1.533528e+05
4.296829e-01 3.355819e+04
1.264328e-01 1.267547e+05
2.966333e-01 1.327303e+05
1.344340e+00 3.367569e+04
9.133250e-01 8.029518e+04
1.194079e+00 1.303137e+04
1.933841e-01 3.818105e+03
2.193529e-01 1.149953e+05
6.525707e-01 1.531152e+04
1.319009e+00 4.968448e+04
3.593649e-01 1.120651e+05
5.932766e-01 7.290011e+04
1.707616e+00 2.280742e+04
2.855455e-01 7.078689e+03
1.039859e-01 1.945209e+05
9.088431e-02 1.306022e+05
1.301051e+00 2.583306e+04
2.302833e-01 6.673120e+04
3.125812e-02 8.640289e+04
1.066402e+00 6.528199e+04
5.328694e-02 1.026109e+03
8.317276e-02 2.623945e+03
6.208697e-01 7.771543e+04
1.899361e-02 4.243441e+04
8.601159e-01 5.654267e+04
1.915390e-01 5.779693e+04
2.739059e-01 2.510263e+04
4.756121e-01 6.461805e+04
1.293135e+00 7.005118e+04
1.514992e-01 7.705267e+04
4.975703e-01 5.559506e+04
8.055186e-01 1.363646e+04
7.696528e-02 3.541790e+04
3.304954e-01 5.714615e+04
1.153556e-01 1.632625e+05
1.706991e-01 3.295332e+05
1.300753e+00 1.362448e+05
7.847843e-02 5.269906e+04
3.195212e-01 2.228054e+05
4.702399e-03 3.879752e+02
4.370999e-01 4.008496e+04
9.718419e-01 5.413294e+04
1.694649e+00 1.278890e+05
3.792213e-01 3.730276e+04
5.549676e-01 2.746720e+05
3.404290e-01 1.218760e+04
8.261560e-01 1.160321e+05
5.904485e-01 2.086246e+05
9.029913e-02 6.542788e+04
2.388298e-01 2.550243e+05
1.223361e-01 1.122906e+05
1.839488e+00 1.843472e+04
4.383208e-01 1.964225e+04
2.192854e-01 1.710674e+05
8.848989e-01 3.837087e+04
1.684998e-01 4.851218e+04
8.547138e-01 1.087230e+05
2.663610e-01 8.989175e+04
6.337449e-01 1.052956e+03
7.578622e-01 4.007888e+04
1.294295e+00 1.539687e+04
5.189074e-02 3.795386e+04
1.214546e-01 9.561326e+04
6.904443e-01 1.802071e+05
1.203883e+00 4.522020e+04
1.050333e-02 1.727485e+04
2.051723e-01 1.525340e+04
6.261597e-02 1.132098e+05
1.224735e-02 4.538499e+04
1.304990e-01 1.946472e+05
3.768796e-01 3.948899e+04
2.256520e-01 3.483936e+05
7.233119e-01 3.746720e+04
2.272524e-01 4.279407e+04
1.124338e+00 3.393891e+04
1.527917e-01 5.925793e+04
1.093461e-01 9.827765e+04
4.230667e-01 4.643955e+03
1.754236e+00 4.054759e+04
9.765163e-02 9.363267e+04
1.336348e+00 3.622352e+04
3.666387e-01 2.818788e+05
4.855190e-01 1.271822e+04
4.759320e-01 1.389859e+05
8.842919e-02 1.041029e+05
2.317117e-01 7.661410e+04
4.970894e-01 3.914867e+04
3.100698e-02 5.230542e+04
1.011214e-01 5.113197e+04
8.999147e-01 6.346847e+04
3.864365e-01 6.226633e+02
1.349257e-02 5.302104e+04
3.343932e-01 4.737488e+04
3.452653e-01 9.047924e+04
2.968123e-01 2.323925e+04
1.661397e-02 1.275738e+05
5.307179e-01 1.000800e+05
2.149014e-01 2.290756e+05
5.556575e-01 3.329501e+04
5.594986e-02 6.165858e+04
6.742122e-01 4.133540e+04
4.203709e-01 2.147344e+05
4.260535e-01 2.240127e+04
3.149927e-01 1.175403e+04
1.984915e-01 1.917935e+04
1.444892e-01 5.728836e+04
1.010366e+00 9.731483e+04
1.973990e-01 9.357908e+04
3.268434e-02 1.687879e+05
3.439485e-01 2.373924e+05
1.369662e+00 8.920320e+04
1.345393e+00 2.152581e+05
6.075238e-01 1.121248e+05
1.553044e+00 1.936380e+05
5.010237e-01 1.098251e+05
4.919047e-02 4.565816e+04
1.033314e+00 1.348523e+05
1.295206e-01 9.197671e+04
7.267017e-02 1.150998e+05
2.209872e-01 1.697018e+05
3.903586e-01 1.056116e+04
3.382504e-01 8.547632e+04
8.300942e-01 1.135957e+05
3.796957e-01 1.006559e+05
3.535314e-01 1.670803e+04
7.192957e-01 2.201591e+05
7.265870e-01 1.715634e+05
3.962643e-01 1.713829e+05
2.111277e+00 2.044663e+05
2.525829e-01 1.566178e+05
1.069291e+00 1.768467e+05
5.453962e-01 1.209973e+05
1.219836e+00 1.366951e+05
8.803671e-01 5.087709e+05
7.610608e-01 8.758227e+04
1.296948e+00 1.657424e+05
8.960824e-01 3.487021e+04
2.196057e-01 1.294841e+05
1.223321e-01 1.988059e+05
1.390416e-01 1.212500e+04
1.353250e-02 2.370137e+04
4.141556e-01 2.073749e+05
2.506596e-01 1.150363e+05
1.783519e-01 2.106720e+05
5.104681e-01 3.826444e+04
5.947894e-01 3.439811e+05
1.345302e-01 7.920876e+03
1.314937e+00 1.727851e+05
4.641973e-01 1.406686e+04
5.671929e-01 2.452697e+04
1.011539e+00 2.552904e+05
