5.721673e-01 2.553090e+05
4.792685e-02 3.503823e+04
6.888282e-01 5.774979e+04
3.857516e-01 9.130155e+04
4.699352e-02 1.418109e+05
1.022902e+00 1.944052e+05
2.850425e-01 8.350471e+04
8.579765e-02 7.549693e+04
1.709348e-01 4.912518e+04
5.806894e-02 1.031434e+05
3.571486e-01 6.442890e+04
1.894078e-01 2.749976e+04
1.992803e+00 5.264954e+03
3.075630e-01 1.206595e+05
1.155509e+00 9.549729e+04
3.604503e-01 4.922951e+04
6.950890e-01 5.963454e+03
3.610799e-01 1.516488e+03
5.564136e-02 1.118856e+05
5.011235e-01 1.384806e+05
4.051480e-01 3.200672e+04
4.011218e-01 2.143106e+04
8.362439e-01 1.355374e+05
1.911822e-01 7.630612e+04
2.289216e+00 7.003995e+04
3.257020e-01 6.802705e+04
2.871347e+00 1.140707e+05
7.354083e-02 5.902173e+04
2.942253e-01 1.163658e+05
4.487313e-01 5.903927e+04
3.858812e-01 7.289371e+04
4.040330e-01 1.168518e+04
9.329863e-01 1.633123e+05
7.693861e-02 6.332938e+04
2.257281e-01 4.658493e+04
5.255949e-01 2.128424e+05
8.244338e-01 3.943783e+04
1.251586e-01 4.273473e+04
5.704064e-01 7.432196e+04
7.040079e-01 8.175316e+03
5.976083e-01 1.306724e+04
4.515450e-01 3.433462e+04
1.200203e-02 5.478555e+04
1.031957e-01 8.671037e+04
2.267134e+00 9.882293e+03
5.577124e-01 5.601919e+04
5.259947e-01 8.048229e+04
1.133986e-01 7.600803e+04
2.118551e-02 7.347966e+04
5.776040e-01 1.014036e+05
4.380226e-01 3.049579e+04
7.930580e-01 2.057043e+04
4.959655e-01 5.807296e+04
2.150735e-01 8.353787e+03
1.861062e-01 3.953317e+04
1.461260e-01 5.426850e+03
3.282787e-01 9.474473e+04
5.827253e-01 4.581467e+04
3.115884e-01 2.049518e+04
3.937370e-01 3.221841e+05
6.882347e-02 3.143148e+04
1.470391e-01 6.641086e+04
4.860822e-01 7.850648e+04
4.147769e-01 4.635860e+03
3.639050e-01 2.002995e+05
3.990963e-01 2.986105e+04
2.274154e-01 3.010441e+05
7.440732e-01 1.917253e+05
6.468006e-01 1.818705e+05
1.311135e+00 2.175985e+05
7.046540e-01 8.852601e+04
1.120939e+00 4.911000e+04
5.078200e-01 2.918195e+04
2.099084e-03 9.193214e+04
6.622125e-01 8.515406e+03
2.621753e-02 1.702787e+05
2.033367e-01 2.838328e+04
2.285158e-01 2.469616e+04
1.136929e+00 9.435172e+04
8.945701e-01 3.599749e+03
5.815988e-01 2.433242e+05
1.138940e-01 1.479228e+05
1.422322e+00 7.474787e+04
3.986238e-02 1.269305e+05
4.018246e-01 3.794331e+05
4.284313e-01 3.503943e+03
3.569410e-01 7.972419e+03
1.113769e-01 2.462072e+04
4.581001e-01 6.256268e+05
1.388808e-01 3.734082e+03
6.994849e-01 1.124841e+05
7.206366e-01 3.405307e+04
9.144631e-01 8.146703e+04
3.633998e-01 1.144431e+05
7.814718e-01 2.186303e+05
7.362610e-02 3.912112e+04
1.418762e-01 3.883283e+03
1.602535e+00 1.134211e+04
7.485443e-01 2.617307e+05
1.642867e-01 6.087835e+04
3.474467e-01 3.897553e+04
1.098906e+00 4.803067e+03
1.327419e-01 4.865734e+03
5.592873e-02 2.891182e+04
2.605311e-02 1.418291e+05
1.771143e-01 2.074055e+04
1.769207e-02 4.976226e+02
3.750330e-01 1.643972e+04
2.691796e-02 2.585631e+05
7.711281e-01 4.447089e+03
6.079366e-01 3.072493e+05
6.430950e-01 4.945033e+04
3.082272e-01 7.987918e+04
7.947413e-01 7.800109e+04
8.809960e-02 3.323949e+04
7.200697e-01 6.570124e+04
2.422462e-01 2.330465e+03
2.099891e-01 1.772800e+05
5.218584e-01 2.930003e+03
4.515530e-01 4.264025e+05
2.153927e-01 1.493687e+05
1.026366e+00 2.975212e+05
2.095205e-02 4.267400e+04
2.600138e-02 3.290323e+04
5.077532e-01 1.075687e+05
4.061770e-01 3.801331e+04
3.151083e-02 4.375298e+04
9.008736e-01 1.293419e+05
1.898649e-01 8.721348e+04
2.849596e-01 1.089640e+05
9.327165e-01 9.591763e+04
1.054637e+00 1.246274e+05
4.923377e-01 1.974368e+05
1.490962e+00 4.956637e+04
7.047635e-01 1.079736e+05
1.750629e+00 7.102188e+04
4.846971e-01 6.980635e+03
4.453415e-01 2.499880e+05
1.972685e-02 9.266701e+03
6.259730e-01 1.692334e+05
1.373622e-01 1.497362e+04
2.488863e-01 7.782344e+04
7.564578e-01 2.884877e+04
4.438615e-01 2.584147e+05
8.440601e-02 1.314950e+05
4.441985e-03 9.196612e+04
1.087673e-01 9.858433e+01
4.960773e-01 1.201371e+05
1.503140e-01 6.164745e+04
5.349037e-01 4.935225e+04
7.038515e-01 2.516657e+05
4.273912e-01 3.861852e+04
9.313524e-01 6.681926e+04
7.810230e-02 1.031754e+05
8.707665e-01 1.596702e+04
9.866012e-02 4.375139e+04
9.480104e-01 1.095703e+05
1.391716e-01 1.399473e+05
3.014923e-01 1.357619e+05
2.199487e-01 8.552894e+04
3.146158e-01 1.545350e+05
7.290201e-02 7.616724e+04
6.251847e-01 3.268765e+05
4.534527e-01 9.570846e+04
1.608987e-03 1.304015e+04
7.453487e-01 1.382939e+05
5.605388e-01 3.024509e+05
2.111946e+00 1.320850e+04
4.372386e-01 1.061766e+05
3.462714e-01 6.374073e+04
5.892132e-01 7.485713e+04
7.052010e-01 2.171171e+05
1.587902e-01 9.899953e+04
3.067682e-01 4.847048e+04
9.190496e-01 1.189897e+05
9.947389e-01 2.865247e+05
7.391461e-01 1.054085e+05
5.897252e-02 3.811550e+04
4.980338e-01 1.486335e+05
3.753014e-01 2.163212e+05
3.368366e-01 3.924444e+04
8.978341e-02 3.199367e+04
4.005023e-01 6.031236e+04
2.441607e-03 9.878029e+04
4.200744e-01 2.202484e+05
2.094806e-01 2.018004e+05
2.735517e+00 1.070522e+04
1.115027e+00 9.018316e+04
4.610491e-01 8.900839e+03
5.259055e-01 4.812246e+04
1.844079e-01 1.446087e+05
4.550683e-01 6.442522e+03
8.331455e-01 2.914874e+04
1.594885e-01 9.189443e+04
4.439977e-01 5.357675e+04
1.396714e-02 4.740513e+04
4.248772e-01 6.394151e+04
7.130795e-01 1.255665e+05
1.198950e+00 2.973422e+05
8.324034e-01 1.247841e+05
1.627046e-01 1.419149e+05
3.744093e-01 1.221839e+05
4.110926e-01 1.068316e+05
6.731008e-01 1.176652e+05
8.095722e-02 1.458947e+05
3.848417e-01 4.646391e+03
1.281427e+00 9.159587e+04
1.078251e+00 8.091104e+04
7.342615e-01 7.139487e+04
1.571221e+00 6.855313e+04
6.705298e-01 2.627916e+05
4.713414e-01 6.521947e+04
3.560260e-01 4.783133e+03
6.475804e-01 6.184967e+04
1.973898e-01 9.447606e+04
3.766569e-01 2.382308e+05
1.026427e+00 4.444489e+04
1.269015e+00 4.782762e+04
2.263609e-01 9.839755e+04
2.492844e-01 1.253998e+04
2.351563e-01 6.994648e+04
8.754742e-01 1.894251e+04
9.580460e-01 6.807732e+04
1.764788e-01 5.032485e+03
3.591171e-02 1.369217e+05
1.202139e+00 1.045517e+05
4.502624e-01 2.724734e+04
6.481408e-01 1.992808e+03
2.247098e-01 7.831679e+04
9.980764e-01 2.126090e+04
1.574774e+00 9.238430e+04
6.553446e-01 1.038636e+05
2.747489e-01 2.096336e+05
5.678230e-02 1.127585e+03
4.428752e-01 1.758078e+05
1.811467e-01 3.290752e+04
2.383802e-01 1.457827e+05
8.338561e-02 8.118585e+04
9.191041e-02 3.798934e+04
4.132730e-01 2.829880e+04
2.705369e-01 2.168262e+05
2.182407e-01 9.420041e+04
2.134975e-01 9.437685e+04
1.019248e-01 1.104071e+05
3.449280e-01 5.255305e+04
1.710255e-01 2.568110e+04
1.371251e+00 1.632541e+04
3.058343e-01 9.000183e+03
1.161943e+00 7.554853e+04
3.360962e-01 1.178769e+05
1.530691e+00 1.204199e+04
3.451909e-02 1.212581e+05
1.526282e+00 8.004919e+03
4.787788e-01 7.620345e+04
6.189566e-01 1.074097e+05
7.717885e-01 3.348358e+05
8.530052e-01 1.395570e+05
6.276845e-01 7.156489e+04
6.658625e-01 1.371827e+03
3.429924e-02 2.978248e+05
1.906246e-01 3.196523e+05
2.620455e-02 2.252288e+03
1.286423e-01 9.370896e+03
4.741690e-01 4.117782e+05
9.279632e-02 2.828547e+04
1.013467e+00 1.103455e+04
1.961092e-02 4.144065e+04
1.525537e+00 1.447102e+05
8.632231e-02 5.899158e+04
5.964393e-02 2.664892e+05
1.063101e+00 1.967595e+05
2.289877e-01 1.183356e+05
6.552808e-02 1.094506e+05
5.217963e-01 3.066111e+05
9.237010e-02 1.106321e+05
1.310044e-01 4.318211e+04
9.725429e-02 3.114833e+04
3.411315e-02 2.037800e+04
3.088352e-01 3.679811e+04
3.033000e-01 5.986741e+04
6.612515e-01 1.357316e+05
6.979652e-01 4.655699e+04
1.514625e-03 1.682224e+05
1.500949e+00 2.445338e+04
3.117627e-01 6.440563e+04
2.123226e-02 2.250509e+05
6.363850e-01 2.123816e+04
2.891953e-01 9.849053e+04
5.622771e-01 2.134871e+05
3.523383e-01 1.469409e+05
3.761222e-01 1.352219e+05
3.263111e-01 4.599538e+05
8.914957e-01 1.406879e+05
5.820107e-03 7.758600e+04
2.576848e-01 5.874520e+03
8.913425e-02 8.588403e+04
4.832760e-01 3.881982e+04
2.790579e-01 1.422288e+05
5.877144e-01 6.427024e+03
7.394859e-01 7.779460e+04
8.221502e-02 4.288001e+04
1.913023e+00 7.130712e+04
9.548509e-01 3.444151e+05
2.979404e-01 3.411165e+04
8.957279e-02 6.295581e+03
1.620784e+00 2.411447e+04
5.548105e-01 1.125220e+05
5.591876e-01 1.136385e+05
8.937731e-01 3.635703e+04
2.387058e-01 2.456913e+04
1.160103e+00 2.899269e+04
1.302465e-01 2.801113e+05
9.400338e-02 7.434810e+04
1.046455e-01 1.134098e+04
7.394213e-02 1.339077e+05
3.592958e-01 7.756725e+04
4.171545e-01 9.883113e+04
3.958023e-01 2.495625e+05
7.189617e-01 3.118985e+04
1.420896e-01 3.017259e+04
3.467884e-01 9.447480e+04
2.393072e-01 7.217127e+04
1.363342e+00 2.201917e+04
9.091019e-01 2.299742e+04
2.171361e-01 1.434172e+04
2.744927e-01 1.046951e+05
4.138668e-01 7.989751e+04
1.560870e+00 1.557885e+05
3.188761e-01 1.240254e+05
7.994481e-01 3.987270e+04
2.047322e-01 7.113413e+04
1.376744e-01 5.043930e+04
2.741851e-01 3.068545e+05
5.706578e-02 1.710207e+04
4.153345e-01 7.797484e+04
4.656768e-02 6.990915e+04
3.593542e-01 3.431518e+05
1.576680e-01 4.505548e+04
7.771466e-01 2.171121e+05
6.825668e-01 1.958468e+05
2.171401e-01 5.454191e+04
1.793213e-01 1.973621e+05
1.502556e-01 1.535641e+04
6.829312e-01 1.066224e+05
2.316531e-01 6.250711e+04
1.505412e+00 1.651272e+05
5.244470e-03 7.831424e+04
5.047057e-01 1.289781e+05
3.287270e-01 3.968936e+04
1.414162e-01 4.351642e+04
2.481883e-01 2.576853e+04
7.152118e-01 1.132902e+05
3.411619e-01 2.157184e+04
1.460170e-02 1.997693e+05
1.026576e+00 1.599749e+05
3.843061e-01 8.039631e+03
4.263825e-01 9.060789e+04
7.583294e-01 3.749565e+04
3.933874e-01 2.444211e+05
3.611965e-01 2.682235e+04
5.984283e-01 4.592706e+04
1.753561e+00 5.064580e+04
7.160876e-01 2.049436e+05
1.278387e+00 2.227646e+05
1.352603e+00 2.357241e+03
6.154835e-01 9.651550e+03
1.375548e+00 1.236180e+05
1.491486e-01 2.267579e+05
2.178205e-01 1.831816e+04
1.030010e+00 1.971232e+05
4.028073e-01 1.619813e+04
1.393853e-01 1.638917e+04
2.939857e-01 8.418746e+04
7.324870e-01 3.845951e+04
3.994858e-03 5.981840e+04
3.414911e-01 8.449904e+04
2.765098e-01 1.953249e+05
2.004441e-01 1.351778e+04
7.401053e-03 1.811581e+04
4.313209e-01 2.652965e+04
7.235831e-01 3.056347e+05
3.814298e-02 4.171026e+03
1.603080e-03 6.596047e+03
2.074207e+00 2.405837e+04
4.348814e-02 1.696547e+05
1.181693e+00 7.439205e+03
1.387237e+00 1.157197e+05
3.734942e-01 5.238596e+03
1.965899e-01 1.798344e+05
1.948985e-01 4.417497e+04
7.003470e-01 1.049561e+04
2.688900e-01 3.216314e+04
6.648657e-02 6.101498e+04
2.252686e-01 2.235431e+04
1.230063e+00 1.566462e+05
1.836206e-01 7.890320e+04
2.414677e-01 1.166539e+04
2.404006e-02 1.258684e+05
6.706219e-02 8.478319e+04
2.160611e-02 2.716231e+05
8.219475e-01 1.513356e+05
4.634270e-01 1.224565e+05
4.355973e-02 5.456797e+04
9.407080e-02 2.643050e+02
8.228097e-01 2.263023e+05
1.212349e+00 1.316390e+05
9.654068e-01 7.747197e+04
5.882232e-01 1.108514e+05
7.007532e-01 1.791196e+05
6.699336e-01 3.187137e+03
1.659405e-01 2.636099e+04
6.412127e-01 3.867491e+04
5.359563e-01 9.994790e+04
1.958210e-02 6.290779e+04
4.636575e-01 2.149059e+04
1.043523e-01 5.000142e+04
5.388104e-01 3.364423e+03
1.461943e+00 1.137352e+04
1.100723e+00 6.692488e+04
2.811437e-01 9.827001e+04
4.962711e-02 1.406989e+04
3.901745e-01 3.877790e+04
4.603430e-01 7.019240e+04
3.269644e-01 1.204419e+05
7.532405e-02 3.704641e+05
7.276386e-01 1.646747e+04
1.479254e+00 1.009144e+05
3.547005e-01 3.261966e+04
3.255046e-01 6.197489e+04
1.023728e+00 3.271516e+04
6.617724e-02 1.273445e+05
8.468715e-01 8.981210e+04
4.159209e-02 1.868619e+04
4.434053e-01 2.308583e+05
3.803444e-01 1.892720e+05
5.819340e-01 5.412668e+03
4.105984e-01 2.922480e+03
2.775780e-01 6.279458e+04
6.111790e-03 6.560742e+04
1.097420e-01 1.973364e+05
1.261686e-03 3.302957e+05
7.812204e-01 1.793435e+05
9.043577e-01 2.302725e+05
2.327755e-01 8.865483e+04
1.192123e-01 1.360564e+05
6.927885e-01 7.851626e+04
1.638365e+00 1.172215e+04
4.580231e-01 8.438224e+04
1.441932e-01 2.363037e+03
2.969948e-01 8.355356e+04
3.351562e-01 3.577312e+04
9.190948e-01 3.548018e+03
1.170382e+00 1.006426e+05
4.348134e-01 1.732342e+05
8.877651e-01 2.062978e+04
7.474297e-01 6.365079e+03
9.932459e-01 3.947956e+04
5.821053e-01 2.053755e+05
1.892557e-01 2.493882e+04
1.855217e-01 2.716261e+04
8.736319e-01 7.607561e+04
1.225836e+00 1.379238e+05
8.830126e-01 2.343170e+04
6.425132e-01 2.007216e+04
3.135112e-02 5.679529e+04
3.800829e-01 1.588109e+05
4.862793e-02 1.697601e+05
3.252675e-01 1.092017e+05
2.093307e-01 4.218800e+04
7.318276e-01 1.488417e+05
9.668270e-01 1.352792e+03
2.261455e-01 5.188886e+04
1.524992e-01 1.113082e+05
3.000204e-01 1.485115e+04
6.174476e-01 2.269257e+05
1.878378e-01 7.095799e+02
5.773678e-01 1.826396e+05
5.550499e-01 1.356343e+05
7.421142e-01 1.050296e+05
9.184373e-01 2.554670e+04
3.085598e-01 1.560647e+05
7.718721e-01 3.135233e+05
1.172255e-02 1.126970e+05
3.481955e-01 8.811841e+04
4.742593e-01 5.594904e+04
7.610341e-01 8.988348e+04
9.661730e-01 5.159478e+03
1.987198e-03 4.568570e+04
1.669222e-02 3.405365e+04
2.131594e-01 5.410570e+04
6.903093e-02 3.676314e+05
5.213152e-01 2.225800e+04
4.741664e-01 5.259721e+04
1.888835e-01 1.406360e+05
5.426183e-01 1.168547e+05
3.305504e-01 1.112988e+05
1.071588e+00 1.013896e+04
2.109034e-01 1.065625e+05
7.228764e-01 5.997314e+04
5.070467e-01 5.830002e+04
6.171572e-01 1.974949e+05
9.158334e-04 1.943125e+04
1.703940e-01 2.473451e+05
3.654403e-01 2.572073e+05
2.014734e+00 6.757359e+04
3.753098e-01 2.400201e+04
1.788870e+00 4.942688e+04
8.363596e-02 3.440967e+04
4.715748e-01 8.225216e+04
2.138125e-01 1.243482e+05
1.425922e+00 7.775104e+04
3.378305e-01 5.152991e+04
1.382957e+00 3.129682e+04
9.779102e-01 7.815878e+04
1.786864e-01 3.528687e+04
8.085066e-01 3.892803e+04
1.766278e-01 3.528459e+04
4.439378e-01 1.479330e+04
2.623268e-01 3.217722e+04
1.938118e-01 1.396954e+04
1.388377e-01 7.688855e+04
2.613343e-01 1.468142e+05
1.937334e-01 7.506663e+04
3.478089e-02 1.297627e+04
3.859054e-02 9.427767e+04
5.631422e-01 2.821158e+03
2.500167e-01 1.097101e+05
1.176889e+00 2.739741e+05
2.711078e-01 7.408467e+04
6.192374e-01 6.057871e+03
4.325893e-01 1.105297e+05
1.011607e-04 3.910452e+04
1.277762e-01 4.208687e+04
5.953018e-01 9.393639e+04
8.782548e-01 8.129883e+04
9.963792e-01 1.225821e+05
8.677649e-01 1.148519e+05
3.296805e-01 5.413736e+05
3.346274e-01 2.746258e+04
1.889094e-01 8.210170e+04
4.595409e-01 2.365069e+05
1.169221e-01 1.304594e+05
4.606892e-01 1.953662e+04
2.197560e-01 4.151633e+04
1.824807e-01 3.146475e+04
2.210220e+00 8.839438e+04
