5.001352e-01 8.364323e+04
1.844781e-01 6.089236e+03
5.305248e-01 3.152429e+04
1.121202e-01 4.164093e+04
4.956426e-01 4.193828e+04
1.964105e-01 3.193076e+03
3.382985e-02 6.203988e+04
1.425727e-02 2.357082e+05
3.891543e-01 1.243676e+05
6.062492e-01 4.855014e+04
4.595587e-02 1.640772e+05
3.955474e-01 9.220194e+04
2.779326e-02 5.422344e+04
1.226083e+00 5.806818e+04
1.949791e-01 1.223650e+05
6.688755e-01 1.347897e+04
8.816936e-01 2.578172e+04
2.348274e-01 1.781496e+05
1.623926e-01 1.367325e+05
5.692476e-02 3.955744e+04
2.378649e-01 1.601034e+04
1.281623e+00 1.289991e+05
3.986791e-01 1.099757e+05
2.743013e-01 4.006035e+05
1.354461e+00 7.043788e+03
1.776511e-01 7.965142e+03
2.645490e-01 6.242555e+04
1.420082e+00 9.519496e+04
1.542993e+00 1.146472e+04
5.400299e-01 5.634829e+04
6.039999e-01 7.105053e+04
5.583498e-02 9.124638e+04
2.033346e-01 1.144247e+05
1.099875e+00 8.267888e+04
3.224576e-01 1.158029e+05
1.772387e+00 2.083711e+04
4.928662e-01 1.358984e+05
8.998805e-02 2.578243e+04
6.686334e-01 1.393450e+05
1.269320e+00 1.094368e+05
4.909561e-01 8.659322e+03
1.507254e-01 6.789514e+04
2.412141e+00 7.801007e+04
1.137370e+00 2.829103e+05
8.109915e-01 2.954376e+05
4.097820e-01 1.376516e+05
7.744805e-01 1.163177e+05
3.533886e-02 1.087650e+05
1.395211e-01 1.954318e+04
4.453762e-01 1.352847e+05
1.030212e+00 2.870420e+04
9.659748e-02 6.069341e+04
1.724939e-01 6.429962e+04
5.383083e-01 1.041469e+04
4.235369e-01 5.137172e+04
9.426582e-02 3.446472e+05
9.198562e-01 1.398169e+05
5.931115e-02 6.668056e+04
3.780297e-01 1.254469e+05
1.831495e-01 8.985717e+04
1.091865e+00 6.688240e+04
9.244694e-02 3.114299e+04
2.635673e-01 1.711584e+05
6.805424e-01 1.106963e+05
1.098188e+00 7.433339e+04
2.999700e-01 5.166825e+04
4.945566e-01 1.207393e+05
9.363041e-01 1.777383e+05
1.952267e+00 4.386445e+05
4.617249e-01 1.417355e+04
4.812092e-01 3.191419e+04
1.922332e+00 1.321431e+04
7.633606e-02 8.220321e+04
3.434452e-02 6.079900e+04
1.702860e-01 6.184086e+04
7.478788e-01 8.580650e+03
8.636406e-01 2.174173e+05
4.357989e-02 3.878115e+05
2.478251e-01 2.684575e+04
4.825082e-01 5.570685e+04
5.204952e-01 8.089144e+04
3.892823e-01 2.142535e+05
9.410868e-02 2.869486e+04
2.183769e-01 6.381872e+04
4.580509e-01 7.184518e+04
4.586744e-01 1.338863e+05
9.961476e-01 1.136433e+05
1.060039e+00 1.789636e+05
2.330094e-02 1.809224e+04
5.763388e-01 9.801269e+04
3.188207e+00 1.393277e+04
1.193072e-01 1.701547e+05
2.185445e-01 8.853758e+04
1.476417e-01 3.749254e+03
1.902011e-02 6.461205e+04
1.505236e+00 4.384131e+04
2.434930e-01 1.947267e+03
1.086320e+00 8.977388e+04
7.078579e-01 6.734365e+04
5.355048e-01 1.663984e+05
5.487206e-01 1.620792e+05
2.945260e-01 2.029459e+04
1.677686e+00 1.273264e+04
3.435721e-01 3.226558e+03
1.880104e-01 5.295090e+03
6.031838e-01 1.904733e+05
3.164770e-02 2.250942e+05
4.767726e-01 3.178278e+04
6.778162e-01 7.258396e+04
9.964966e-01 2.204893e+05
2.312546e-01 4.765147e+04
7.810583e-01 2.990730e+05
1.980924e-01 1.934179e+05
3.800661e-01 2.484867e+05
2.424882e-01 1.151473e+05
3.891653e-01 3.443160e+04
7.574780e-01 9.012173e+04
2.459547e-01 1.011651e+05
1.833308e-01 1.582828e+04
2.164810e+00 1.281488e+05
1.070407e+00 9.513121e+04
1.139288e+00 2.612949e+04
4.463474e-01 8.047939e+04
3.621294e-01 9.285449e+04
1.852973e-01 1.102265e+05
5.691619e-01 4.816275e+04
8.190120e-01 2.264417e+04
1.122746e+00 7.577572e+04
4.321282e-01 3.092165e+05
2.369281e-01 2.110208e+05
7.742084e-01 2.821929e+04
1.253395e-01 1.472192e+05
1.476935e+00 9.259776e+04
3.231727e-01 1.857611e+05
5.448436e-02 4.103643e+04
5.226826e-01 1.431339e+05
6.388796e-01 2.078314e+03
2.532422e-01 3.939115e+04
1.156477e-01 1.542195e+05
3.135448e-04 1.131588e+05
4.988356e-01 1.033607e+05
3.286144e-01 6.648406e+04
2.320016e-01 1.004678e+05
1.375084e-01 2.690920e+04
5.378442e-01 3.219940e+04
4.473329e-02 3.395661e+03
8.174548e-02 4.835723e+05
3.280875e-01 2.830079e+04
8.733927e-01 1.119751e+04
1.440615e-01 2.357817e+05
5.891268e-01 5.789785e+04
8.763738e-01 2.590010e+04
2.625815e-01 6.074669e+04
3.515520e-02 1.689146e+04
1.190443e+00 5.711107e+03
3.695367e-01 1.527252e+04
1.067728e+00 1.308997e+05
1.341719e+00 1.400220e+05
7.255250e-02 1.970627e+05
6.969982e-01 2.525349e+04
7.488166e-01 1.994601e+05
2.695429e-01 1.887838e+05
5.075389e-01 2.655450e+04
9.328775e-02 5.573855e+04
2.923684e-01 1.201731e+05
3.806236e-01 1.998706e+05
7.393326e-03 3.580403e+05
9.950021e-02 1.178446e+05
4.830112e-02 2.975193e+05
2.785281e-01 5.041652e+04
4.323150e-01 1.296546e+05
8.830378e-02 6.788213e+04
1.242548e+00 3.820283e+04
2.867837e-01 5.498117e+04
8.239816e-02 1.692461e+05
4.139189e-01 1.231746e+05
2.890854e-01 5.237500e+04
3.755422e-01 5.776896e+04
2.637398e+00 1.156256e+05
8.487711e-01 1.122745e+04
1.255215e+00 2.370938e+05
1.702556e+00 1.806552e+04
8.479932e-02 8.271967e+04
1.025605e-01 3.887181e+05
4.838619e-01 3.989844e+04
7.004319e-01 3.231961e+04
7.001857e-01 6.091329e+04
2.546311e-02 1.551672e+04
3.103566e+00 3.048970e+05
1.393813e+00 2.601181e+05
3.062875e-01 2.874804e+05
4.005738e-01 1.900915e+05
4.193025e-01 1.671408e+05
7.571487e-01 6.681001e+04
1.196297e+00 2.434845e+05
4.151874e-01 1.008475e+04
1.426132e-01 8.292076e+04
7.997091e-02 8.528013e+04
9.091453e-02 1.327356e+05
6.298068e-01 1.357476e+05
9.898033e-01 1.182227e+05
5.533622e-01 7.694899e+03
1.266955e+00 9.274223e+04
7.429532e-01 1.757645e+05
1.117299e+00 8.516397e+03
2.959353e-01 9.026562e+04
2.803033e-01 3.122170e+04
9.630051e-01 1.741026e+04
1.426797e-01 1.350465e+05
6.226588e-01 1.854224e+04
5.921164e-01 1.802551e+05
2.662130e-01 2.802489e+04
6.254033e-02 2.048318e+05
4.497218e-01 1.105116e+05
2.738229e-01 4.221928e+04
5.578976e-02 6.821998e+04
2.971949e-02 2.448776e+05
1.526087e-01 7.227629e+03
2.809872e-01 1.048736e+05
4.506279e-02 1.411717e+05
4.886922e-01 1.403844e+05
6.497422e-01 5.996793e+04
3.950510e-01 9.754789e+04
2.993796e-01 1.412452e+04
5.228414e-01 1.719967e+05
8.044940e-01 3.989421e+04
2.045105e-03 2.099784e+05
3.874989e-01 1.067443e+05
1.070788e-01 2.770293e+05
9.033328e-01 8.039638e+04
5.148268e-01 1.052392e+05
7.948706e-01 4.157000e+04
1.952320e+00 2.192765e+05
6.186290e-02 5.112314e+04
1.616784e-01 4.574091e+04
1.184178e-01 2.241630e+05
6.610223e-01 2.479408e+04
1.162867e+00 1.031812e+04
6.049858e-01 5.267215e+04
9.689185e-02 5.154159e+03
7.629502e-01 6.927391e+04
1.421522e+00 4.586471e+04
5.620716e-01 4.425739e+05
8.992436e-01 2.314323e+05
7.104602e-01 1.341283e+05
1.612476e-01 2.480523e+05
2.816028e-01 1.892046e+04
5.462538e-01 2.963851e+04
2.115802e+00 4.677425e+04
1.073115e-01 1.415401e+03
1.270684e+00 8.109634e+04
3.142127e-01 2.089689e+05
2.584844e-01 1.407064e+04
2.928582e-01 2.920780e+03
1.664370e-01 1.757855e+05
2.868217e-01 2.631875e+03
6.618957e-01 2.778271e+05
2.861989e-01 2.993369e+04
2.803228e-01 3.826621e+05
6.403995e-01 2.145773e+05
3.442221e-01 1.343417e+04
2.564357e-02 2.578213e+04
5.008330e-01 1.636091e+04
7.936756e-01 1.656284e+05
8.244450e-01 8.048159e+04
2.752837e+00 3.239770e+05
1.273025e-01 1.000583e+05
1.077279e-01 2.423439e+04
9.408528e-01 1.024483e+04
4.731538e-01 9.855254e+04
3.837469e-01 1.346040e+05
1.174253e-02 4.515671e+04
5.988203e-03 6.984228e+04
2.410848e-01 4.050924e+03
1.587627e-01 2.859741e+03
1.951729e-03 1.409321e+05
1.049819e+00 8.217221e+03
1.422781e-01 2.841701e+04
6.924975e-01 7.261997e+03
1.936967e-01 3.665194e+04
4.393916e-01 2.752321e+04
1.234310e+00 4.058339e+04
8.081006e-01 8.444433e+04
7.799591e-01 3.240551e+04
3.303790e-01 7.478488e+03
1.310701e+00 3.630813e+04
1.596863e-01 1.355597e+05
6.856256e-01 1.377875e+04
5.537711e-03 4.328152e+04
1.897929e-01 2.167818e+04
1.758150e-02 1.187067e+05
2.130102e-01 2.528131e+05
2.268898e+00 4.541412e+04
3.190538e-01 1.935767e+05
2.859595e-01 1.526430e+04
3.009031e-01 2.728598e+04
6.750792e-01 1.110267e+04
4.953643e-01 2.815485e+04
2.921586e-01 2.658882e+05
1.374174e-01 4.394708e+04
1.292562e+00 4.181606e+04
8.864760e-01 9.261119e+04
2.454779e-01 2.358205e+04
4.208890e-01 1.129934e+05
2.403044e-01 6.662951e+04
6.038006e-01 4.120672e+04
5.146319e-01 9.881537e+04
1.629204e-01 8.277460e+03
2.942123e-02 2.274828e+04
6.570497e-01 1.155358e+05
3.727593e-01 1.998067e+05
1.300102e-01 4.354967e+04
1.612325e-01 1.682084e+04
3.275582e-01 7.096327e+03
2.087837e+00 5.102928e+03
2.883117e-01 3.016453e+05
2.977959e-01 3.872107e+04
5.103347e-01 7.310769e+04
5.434170e-02 1.197305e+05
6.759485e-03 1.402593e+05
1.850255e-01 2.428108e+05
5.242009e-01 5.215220e+04
9.919027e-01 1.986239e+04
7.628264e-01 2.392243e+05
4.486230e-01 1.694431e+05
7.980206e-01 1.599579e+05
7.711721e-01 3.724238e+04
1.921862e-01 3.110061e+05
3.256043e-02 9.766284e+04
6.565171e-02 1.234178e+05
9.373043e-03 2.326602e+04
3.640280e-02 3.031187e+05
2.692059e-01 4.288731e+04
4.889427e-01 1.507273e+05
1.337016e+00 8.438471e+04
1.117812e-01 2.339051e+05
1.862536e-01 7.056582e+04
1.519143e-02 1.210961e+05
5.753325e-02 1.484511e+03
1.969777e-01 1.555530e+05
2.459501e-01 1.463081e+04
2.918836e-01 3.365381e+04
1.142970e-02 1.111135e+04
1.059686e+00 3.648550e+04
4.003296e-01 3.360742e+04
5.016578e-02 4.413706e+02
7.949567e-01 1.649046e+05
1.361007e+00 2.973173e+04
1.080917e+00 1.827174e+04
1.910443e-02 2.519172e+05
9.448592e-02 1.591938e+05
4.030133e-03 6.482671e+04
1.597383e-02 3.641370e+05
3.091382e-01 1.054031e+05
3.436755e-01 1.954394e+04
1.232895e+00 8.650532e+04
2.045996e-01 1.849395e+05
1.524268e-01 2.795884e+04
4.702113e-01 2.266774e+05
6.039928e-02 1.531739e+05
3.071710e-01 1.135923e+05
1.047598e-01 7.961606e+02
2.748213e-01 4.329325e+04
2.030489e-01 1.820192e+05
4.060200e-01 8.566124e+04
1.016287e-01 1.023675e+04
6.435278e-02 5.568656e+04
4.551961e-02 1.586989e+05
4.630056e-01 6.591493e+04
8.451532e-03 3.647019e+04
7.906459e-02 7.297945e+04
9.302205e-01 2.517857e+05
4.270907e-01 2.143028e+05
3.428910e-01 8.873590e+04
1.921727e-01 7.466986e+03
3.717342e+00 6.678592e+03
1.739098e-01 2.910856e+03
2.695779e-01 3.320367e+05
1.166932e-01 1.157949e+05
2.996610e-01 1.743459e+05
2.416347e-02 8.594818e+04
2.961729e-01 2.021942e+04
6.941904e-01 8.957957e+04
5.210187e-01 5.366345e+04
9.603342e-04 6.350974e+03
3.114817e-03 7.636971e+04
3.085057e-02 2.510646e+04
3.166260e-01 2.557823e+04
9.142484e-01 8.941145e+04
9.410378e-01 2.146379e+05
5.548488e-01 3.796622e+05
4.012817e-02 1.194119e+04
8.914460e-01 1.189272e+05
2.381693e-01 1.256578e+05
3.032653e-01 1.045903e+05
2.085485e-01 2.486530e+05
2.846065e-01 1.315433e+05
1.375064e+00 2.597554e+04
4.119369e-01 1.616882e+04
3.967525e-01 1.548820e+04
5.871909e-01 9.860681e+03
1.216350e+00 8.680542e+04
1.412588e-01 7.806025e+04
1.261545e+00 6.252198e+04
3.316639e-01 7.955204e+04
5.722998e-02 2.894375e+05
2.749745e-01 1.379965e+05
2.326901e-02 1.895060e+05
5.479631e-01 6.752420e+04
2.547186e-02 8.500157e+04
4.039267e-01 8.887615e+04
1.667949e-01 5.203911e+04
2.316871e+00 1.206935e+05
2.440019e-01 1.863743e+05
1.450767e+00 1.432761e+05
9.886840e-01 1.377181e+03
1.133400e+00 2.736731e+04
1.181510e+00 2.834984e+05
1.689027e-01 7.970514e+04
7.863540e-02 9.294232e+04
7.793648e-03 1.490221e+05
5.963786e-01 2.665814e+04
1.463929e-02 7.894933e+04
4.670395e-01 2.682484e+04
2.812831e-01 3.954586e+03
4.638211e-02 1.324952e+04
1.061405e+00 1.244282e+05
9.319457e-02 1.646228e+05
2.027901e-01 2.909563e+05
8.553644e-01 4.398115e+03
4.000570e-01 1.181220e+05
2.381963e-02 2.025252e+04
6.449862e-01 6.562460e+04
6.490660e-01 8.343076e+04
2.339538e-01 1.394074e+05
4.730738e-01 4.120316e+04
1.349375e-01 7.145455e+04
3.774568e-01 4.365647e+05
1.679375e+00 1.787056e+05
1.195122e+00 1.837986e+05
2.704512e-01 5.003772e+04
5.145882e-01 3.308340e+05
1.202648e-01 3.555061e+04
9.634487e-01 1.573822e+05
7.761099e-01 6.192240e+04
5.010985e-02 5.448123e+04
1.208709e-01 9.788458e+04
4.860790e-01 3.889741e+04
3.187612e-02 3.224705e+05
7.833037e-01 2.508981e+04
3.064705e-01 1.178394e+03
1.011452e+00 6.126876e+04
3.577121e-01 8.631727e+04
3.983284e-01 1.972706e+04
1.504605e-01 9.129080e+04
5.009533e-02 3.276338e+03
3.484887e-01 2.145598e+04
1.430617e+00 2.827775e+04
3.855312e-01 7.800085e+04
1.170972e+00 1.484835e+05
4.380018e-01 2.449648e+03
1.964425e+00 3.161245e+04
6.379205e-01 1.339072e+05
4.919441e-01 8.000822e+03
2.595769e-01 1.242198e+04
6.303744e-01 1.545531e+05
1.684183e-01 1.363506e+04
2.282929e-01 3.586731e+05
2.687682e-01 7.719914e+04
2.589355e-02 1.053784e+04
3.377917e-01 7.115434e+04
6.174421e-01 1.925998e+05
8.077396e-03 8.403952e+04
2.046603e-01 1.122045e+04
1.375673e-02 5.134790e+04
2.683080e-01 2.414483e+05
3.006062e-01 9.122584e+04
2.084244e-01 2.081403e+03
3.962344e-01 8.138848e+04
2.152279e-02 4.131984e+04
1.965083e-01 2.032734e+05
7.703120e-01 3.320715e+05
1.543436e-01 4.017155e+04
1.023855e+00 2.523147e+05
2.786612e-01 1.459701e+05
6.317659e-01 2.566602e+04
1.157142e-02 1.156593e+05
6.453212e-01 3.641009e+03
4.635907e-01 3.200458e+04
2.732647e-01 4.185038e+04
3.560261e-01 1.130758e+05
8.922969e-02 1.292967e+05
1.400494e+00 1.229110e+05
4.683757e-01 4.060396e+04
2.841360e-01 9.301776e+04
6.876832e-01 6.787006e+04
8.615334e-01 2.166961e+04
4.821608e-01 1.304180e+05
4.073443e-01 1.240520e+05
1.370340e-01 1.074044e+05
5.265581e-01 4.827145e+04
1.489514e-01 2.152779e+05
1.166289e+00 2.720205e+05
1.089793e-01 1.318733e+05
6.504351e-01 1.434001e+05
1.034320e-01 2.946533e+05
3.387418e-01 2.058375e+05
2.005555e-01 1.413506e+05
4.598186e-01 3.787430e+04
1.036694e+00 1.917206e+05
1.630588e-02 1.389045e+05
1.180202e+00 4.082586e+04
1.031654e-01 1.733710e+04
1.366232e-01 2.030775e+05
1.712830e-01 1.645104e+05
5.534256e-01 1.025300e+05
4.196330e-01 1.351104e+05
1.168300e+00 1.367530e+04
1.244770e-02 1.813151e+05
3.171221e-01 8.947410e+04
1.287218e+00 1.596158e+05
5.989700e-01 9.462326e+02
6.034006e-01 3.021942e+04
5.735615e-01 1.016924e+05
4.094308e-01 7.773540e+03
1.283952e-04 1.048541e+05
3.557093e-01 1.072282e+05
7.509370e-01 3.209719e+04
4.727460e-02 5.742939e+04
4.265314e-01 4.615320e+04
4.783864e-01 4.237512e+04
1.285032e+00 9.613954e+03
1.878530e-01 2.092814e+05
1.158692e+00 2.125792e+04
9.474106e-01 2.110436e+04
6.510313e-01 8.961802e+04
7.185726e-01 7.081587e+04
4.952860e-01 7.447216e+04
2.907059e-01 3.914112e+03
2.535623e+00 3.228401e+03
1.063141e+00 7.649410e+03
7.071097e-01 9.502705e+04
1.773828e-01 3.260251e+03
6.377528e-01 5.384829e+03
4.468760e-02 1.127187e+05
7.356962e-01 8.481954e+03
1.079918e-01 1.415382e+05
9.093694e-01 1.432022e+05
4.731361e-01 2.639784e+04
4.069393e-03 1.040845e+05
1.351179e+00 4.746812e+04
4.455459e-01 2.800288e+05
7.017238e-01 1.564420e+05
6.226419e-02 2.068358e+04
1.340197e-01 5.183588e+04
4.893303e-01 1.063038e+03
1.215477e+00 2.640555e+04
7.612452e-01 3.424014e+04
