1.593019e-02 4.539051e+03
3.391627e-01 1.769439e+05
7.500821e-02 2.129832e+05
6.087813e-01 5.978204e+04
1.313870e-01 1.103004e+05
1.156121e-02 4.681214e+04
6.047593e-02 3.816031e+04
5.185463e-02 2.473540e+04
4.455677e-01 5.228259e+04
2.825712e-01 8.179051e+04
1.642444e-01 2.594598e+05
5.359017e-01 1.202771e+05
8.387895e-01 4.581998e+04
2.819759e-01 4.191196e+04
7.573998e-01 1.679599e+05
2.040363e-01 2.819337e+05
3.589597e-02 7.154033e+04
2.271364e-01 2.230072e+05
1.300086e+00 2.076859e+05
2.458957e-02 2.570892e+04
1.706214e+00 1.653801e+05
3.192189e-01 1.304625e+04
5.093054e-01 4.184129e+03
3.250247e-01 1.810727e+05
5.956528e-01 8.024739e+04
3.598043e-02 6.062960e+04
5.269194e-01 5.348103e+04
4.635691e-02 1.041326e+05
8.671192e-03 2.016094e+04
1.300303e+00 1.568475e+05
2.208644e-01 5.621118e+04
9.027184e-02 6.256701e+02
1.935812e-01 2.132131e+03
4.161738e-01 6.991658e+04
8.497196e-01 2.992767e+04
4.083890e-01 4.035330e+03
1.627683e+00 2.473585e+03
9.409049e-01 6.964431e+04
1.260408e-01 2.077828e+05
9.111169e-02 1.778891e+05
1.825856e-01 6.554722e+03
3.059436e-01 1.038682e+05
8.231976e-01 6.238198e+03
7.353862e-02 2.497602e+05
1.066047e-02 1.058181e+05
2.452577e+00 5.769965e+04
2.235887e-01 3.204820e+01
6.108903e-01 9.835616e+04
3.376323e-01 5.404975e+04
5.616077e-01 1.541651e+05
5.357384e-01 1.149491e+05
3.798964e-02 8.442757e+04
5.364383e-01 2.010001e+04
2.269696e-02 1.414044e+05
1.000025e+00 1.099807e+04
3.287501e-01 3.470348e+04
5.670223e-01 1.050645e+05
2.370121e-01 3.795089e+04
6.410331e-01 9.301489e+04
4.481310e-01 1.249727e+05
4.388264e-01 1.452470e+04
1.956129e-01 1.797098e+05
2.086374e-01 1.546271e+05
3.350178e-01 2.200105e+04
7.710524e-01 9.160234e+03
3.501211e-02 2.064150e+04
1.066329e+00 1.467999e+03
1.452672e-01 2.723432e+04
1.644643e-01 2.210661e+04
8.569928e-01 4.408341e+04
1.483861e-01 1.758373e+03
1.340086e-01 3.621044e+04
1.121825e+00 4.691352e+04
4.298226e-01 5.088909e+04
3.710499e-01 3.208055e+04
6.819723e-01 5.063759e+02
1.402778e-02 2.340736e+05
4.073397e-01 1.132951e+05
4.027448e-02 1.912296e+05
7.720473e-01 2.683908e+05
1.587088e-01 4.621688e+03
7.143954e-01 1.555674e+05
3.135586e-01 1.649146e+05
1.871992e-02 6.524101e+04
2.620024e-01 1.128051e+05
8.822581e-01 9.497855e+04
1.579197e+00 8.170718e+04
7.494478e-02 3.073995e+04
1.077728e+00 7.874905e+04
1.070756e-01 1.449529e+05
1.020450e-01 2.505453e+05
1.745554e+00 9.953012e+04
3.754433e-02 6.938216e+04
2.317337e-01 1.089056e+05
4.385790e-01 1.671379e+05
6.171889e-02 1.525191e+05
3.447683e-01 7.740044e+04
1.758171e-01 1.010421e+04
4.222835e-01 3.249111e+03
9.430017e-01 3.994488e+04
3.706297e-01 8.183848e+04
8.794639e-02 3.409985e+04
4.337163e-01 4.965097e+04
8.425714e-01 2.328211e+04
8.772621e-02 1.509486e+04
2.489495e-02 1.169887e+05
6.207017e-02 4.387384e+04
8.198602e-01 1.069319e+05
1.488570e-01 1.045862e+05
4.243077e-01 1.749210e+04
3.131850e-02 5.939813e+04
1.581799e-02 1.988588e+04
1.794373e-01 8.951065e+04
2.214151e-01 1.577224e+05
1.235097e-01 5.958022e+03
1.343096e+00 8.809149e+04
1.526965e-01 8.314357e+04
2.043676e+00 5.774976e+04
5.171849e-01 8.200285e+04
1.606582e-01 1.135309e+05
6.228196e-01 7.542547e+04
5.418331e-01 7.080190e+04
3.509467e-01 1.459618e+04
2.816750e-01 2.278672e+05
1.155662e+00 5.900104e+04
7.311549e-02 3.928090e+04
3.384239e-01 1.414556e+04
6.952135e-01 1.544355e+04
8.513551e-03 3.966479e+05
2.421790e-02 1.667945e+04
2.244367e-01 2.263885e+04
6.411251e-01 2.939287e+05
1.462638e-01 8.507740e+04
7.576941e-01 1.103343e+04
9.485411e-01 2.885103e+04
7.806115e-01 1.313457e+05
2.784539e-01 7.404328e+04
6.018788e-01 3.807657e+04
2.143115e-02 1.365179e+04
8.777347e-04 2.508894e+05
1.749977e+00 1.603568e+05
2.686347e-01 4.387742e+04
8.671721e-02 2.111712e+04
1.812546e-01 7.173316e+04
8.025909e-02 8.727614e+04
2.706337e-01 4.725559e+04
7.004109e-01 3.424197e+05
2.697910e-01 4.405130e+05
2.419015e-01 4.088585e+04
2.163487e-01 7.653601e+04
6.947144e-02 6.543340e+05
3.912094e-02 2.292090e+05
9.060267e-01 3.400707e+04
1.115347e-01 1.457567e+05
6.434057e-01 1.264946e+05
9.083663e-02 1.744918e+04
1.989612e-02 7.744728e+04
3.356364e-01 1.626032e+03
5.234646e-01 1.629736e+05
2.330793e-01 3.011326e+05
1.044485e+00 1.479670e+05
4.030411e-01 2.633625e+04
8.608083e-01 4.984379e+04
3.174985e-01 1.067072e+05
5.921117e-01 1.915387e+05
6.070090e-01 1.176507e+05
4.638828e-02 2.100179e+04
4.961783e-01 4.097547e+04
1.375177e-01 3.584378e+04
1.194000e+00 2.579113e+04
1.117305e-01 3.353311e+04
2.121775e-01 1.319812e+05
1.656051e+00 7.989211e+04
1.850220e-01 3.744452e+04
4.051449e+00 1.015341e+05
2.300901e-01 4.229355e+05
6.998524e-01 7.926234e+04
8.658247e-01 1.894512e+03
1.770170e-02 7.299309e+03
3.205034e-02 2.602040e+04
7.331645e-01 5.963847e+04
1.427154e-01 3.030439e+04
9.548335e-02 4.064943e+04
2.450619e-01 9.341247e+04
4.214085e-01 1.226938e+05
3.829911e-01 1.813006e+05
2.770619e-01 1.706929e+04
3.809219e-01 6.576911e+04
1.230068e-01 4.266472e+02
1.049518e-01 1.496938e+02
1.310646e-01 1.283129e+05
8.643991e-01 8.016216e+04
9.027408e-02 3.309913e+04
2.624109e-02 2.337445e+04
4.893804e-01 1.139148e+05
2.039959e+00 1.426034e+05
1.444803e+00 6.503007e+04
8.370477e-01 1.483147e+05
6.924128e-02 7.100946e+03
4.557423e-01 6.349675e+03
7.591662e-02 1.069511e+05
2.405803e-01 1.120855e+05
9.627901e-01 4.651844e+04
7.809471e-01 5.682538e+03
1.269563e+00 1.382473e+04
2.625055e-02 3.180840e+05
3.730844e-01 1.510082e+05
1.700072e+00 1.883363e+05
3.863521e-01 5.501847e+04
2.841888e-01 6.136395e+04
3.196955e-01 1.171870e+05
2.245239e-01 9.561399e+04
3.523354e-01 1.063156e+04
8.226684e-01 8.597756e+04
4.178463e-01 8.710812e+04
2.514169e-01 1.982171e+04
7.982075e-01 4.445297e+05
2.029995e-02 1.211457e+05
2.718467e-01 1.013896e+05
8.746276e-02 3.505054e+04
5.914284e-01 8.794662e+04
1.094600e-01 1.214789e+05
2.331147e-01 5.391892e+04
7.456486e-01 1.828195e+03
1.010906e+00 1.344391e+05
2.640773e-01 4.004405e+04
3.529696e-01 1.569587e+04
2.221902e-01 2.968520e+05
1.677333e-01 1.716260e+05
5.540926e-01 2.969566e+03
5.775650e-02 8.970315e+03
8.077370e-01 1.271922e+05
6.736502e-01 2.369351e+05
6.129449e-02 2.769160e+04
2.316534e+00 1.810701e+05
2.683092e-01 2.883226e+05
1.025253e+00 3.125415e+04
6.962968e-01 1.670314e+05
2.034426e-01 2.780073e+04
4.798208e-01 9.092930e+04
1.772169e-01 7.923623e+05
4.813823e-02 1.824824e+03
3.478543e-01 4.366160e+04
5.287104e-01 3.108886e+05
7.527800e-01 1.595964e+05
5.582961e-01 2.677097e+05
2.599859e-01 1.977475e+04
1.147857e+00 3.347144e+05
9.548044e-01 4.328443e+04
1.936315e-01 2.359156e+04
3.962749e-01 6.501879e+04
6.583042e-01 1.455763e+04
1.104468e+00 8.261258e+04
6.344589e-01 2.072732e+04
4.483296e-02 1.255842e+05
1.647750e-01 1.038437e+05
2.730049e+00 3.725864e+04
5.303503e-01 1.277447e+05
1.106441e+00 3.417723e+05
1.156740e-02 1.058683e+04
1.425482e+00 2.741147e+03
1.079077e-01 2.028479e+04
3.447557e-01 9.028887e+04
4.767698e-01 1.550379e+05
5.155894e-03 2.429423e+05
2.713354e+00 5.887871e+04
2.903131e-01 2.700278e+05
6.596399e-01 5.603238e+04
1.103519e-01 4.496238e+04
3.521230e-01 8.979909e+04
2.602963e-01 3.983292e+03
3.805626e-02 3.636835e+04
1.077881e-01 6.446940e+03
5.652937e-01 6.343837e+04
1.606156e-01 8.150446e+04
2.851531e-02 1.039784e+04
4.423545e-02 2.189306e+05
2.541917e-01 6.991670e+04
9.145803e-01 1.511507e+05
7.946930e-02 8.251950e+03
3.222749e-01 3.885581e+05
7.202352e-01 3.480999e+04
6.642779e-01 6.060500e+04
6.931850e-01 8.278332e+03
1.864669e-01 9.145813e+04
3.519487e-01 2.006373e+04
1.131483e-01 2.928920e+04
5.605043e-02 4.662995e+05
3.786168e-01 2.192366e+05
1.199391e+00 7.106140e+03
5.032795e-02 4.140975e+04
5.093473e-01 3.208927e+04
7.338588e-01 3.215418e+04
6.072646e-01 8.261271e+03
8.723550e-01 3.206250e+04
1.536939e+00 8.032185e+04
8.625912e-01 1.868226e+05
6.334149e-01 1.439630e+05
1.411598e+00 4.025953e+04
1.586435e-01 3.306920e+03
1.590947e-01 1.030570e+04
2.737949e-01 5.950111e+04
1.762602e+00 4.842638e+04
3.850140e-02 9.501227e+04
4.130276e-01 5.273429e+04
8.457837e-01 2.698870e+02
3.871786e-02 5.902962e+04
1.409932e-01 3.118649e+05
1.062628e+00 1.557334e+05
1.138904e+00 3.916749e+04
3.113939e-02 1.725311e+05
3.361834e-02 3.425320e+05
9.481640e-01 1.203868e+05
2.173872e-02 1.040294e+05
1.358778e+00 4.249893e+04
9.749914e-02 1.645738e+05
6.187707e-02 5.181309e+04
1.235534e-01 2.921878e+05
4.671888e-01 5.163246e+04
7.109959e-02 1.148521e+05
1.397113e-01 1.738649e+05
7.720110e-02 4.391462e+04
2.819495e-01 8.809926e+04
3.017529e-01 2.211781e+04
4.566606e-01 2.509857e+04
6.641458e-01 4.466421e+04
7.732630e-01 2.787038e+04
2.670341e-01 6.067594e+04
1.716654e-01 1.390017e+05
1.281480e-01 2.393337e+04
7.010584e-03 6.662025e+04
5.029600e-01 8.335304e+04
7.948479e-01 1.374587e+05
7.741202e-02 1.418545e+05
9.123781e-01 1.529011e+04
4.098946e-01 7.144885e+03
7.073190e-01 7.560040e+04
5.223101e-01 2.056524e+05
2.955755e-01 1.230786e+05
1.827739e+00 4.226321e+04
5.628617e-01 8.342784e+04
1.082078e+00 2.933243e+04
4.290665e-02 2.027693e+05
5.881270e-02 1.777878e+05
2.216751e-01 5.127651e+03
5.633598e-01 1.920694e+05
2.840882e-01 1.961938e+04
4.283023e-01 1.220355e+05
4.104879e-01 1.410160e+04
1.048582e+00 3.453142e+04
2.078911e-02 1.760381e+05
3.825207e-01 4.786899e+04
5.929447e-02 2.587525e+04
2.852574e-01 1.761563e+04
2.196920e-01 4.013320e+04
1.233637e+00 2.706563e+05
3.254415e-01 1.504629e+05
3.797388e-01 2.873046e+04
1.264794e+00 2.176576e+05
1.766326e-01 1.837947e+02
3.662888e-01 3.214069e+04
4.678645e-01 1.929674e+04
2.951721e-01 3.487932e+04
2.080141e+00 5.851188e+05
1.727944e+00 5.198871e+04
8.609592e-03 8.795396e+04
5.711138e-01 6.511514e+04
1.385494e-01 7.137292e+04
1.083061e+00 2.268930e+04
1.324466e+00 1.647367e+05
2.524876e-01 3.986105e+05
2.060604e-01 5.330670e+03
1.189550e-01 2.121710e+04
2.152787e-02 4.534015e+04
6.310884e-01 1.609170e+05
8.959129e-01 5.152906e+04
5.449935e-01 2.716821e+04
7.655197e-01 6.420065e+03
1.089881e-01 4.159393e+04
9.177818e-01 1.700467e+05
4.331266e-01 2.792312e+03
8.651122e-02 8.224133e+04
2.922462e-01 5.769363e+03
3.599780e-02 4.260742e+04
2.858625e-01 1.158204e+05
5.760547e-02 6.740816e+04
1.501513e-01 2.387265e+04
3.315325e-01 2.074838e+05
1.187024e-01 1.370161e+04
7.745339e-02 1.231749e+05
1.191788e-01 1.082856e+05
3.281741e-01 3.189319e+04
4.628068e-01 8.456035e+04
4.859054e-01 2.096814e+03
4.642361e-01 1.892213e+03
7.145898e-01 2.692503e+05
4.611905e-01 4.931964e+03
1.517940e-01 1.331242e+04
8.813704e-02 1.232975e+05
3.470420e-01 3.365223e+04
2.600285e-01 7.327340e+04
1.690232e-02 7.968512e+04
9.183034e-01 2.164832e+05
1.192649e+00 1.520758e+05
7.830216e-03 1.572004e+05
8.861619e-02 6.502145e+04
3.519502e-01 1.570657e+05
4.889900e-01 3.030394e+04
1.283219e-01 3.049690e+04
1.081219e+00 3.811612e+05
1.178422e+00 5.538725e+04
3.336922e-01 2.930435e+05
5.273311e-01 1.876820e+05
1.340701e+00 7.859956e+04
3.494685e-01 1.250580e+05
8.632619e-02 6.576993e+04
1.955699e-01 4.572358e+04
4.815591e-01 1.112889e+05
6.773035e-01 7.038533e+03
9.941178e-01 3.040738e+03
2.032713e+00 1.475098e+04
4.760089e-02 4.637748e+04
1.038898e-01 2.374076e+04
5.932591e-01 1.377497e+05
8.745877e-02 4.825507e+04
1.771887e+00 5.426077e+04
1.895277e-02 2.581173e+05
4.052110e-01 1.326892e+05
1.813111e-01 6.863282e+04
7.670099e-01 2.986955e+05
7.665009e-02 4.253338e+03
7.355765e-01 2.725966e+05
1.747439e+00 2.515575e+04
2.176743e-01 1.740822e+05
1.258545e-01 5.993193e+04
3.374782e-01 1.420295e+05
2.013365e-01 5.787797e+04
3.419369e-01 3.635406e+04
5.159879e-01 1.186620e+05
3.141679e-01 6.951036e+04
2.008962e-01 7.743554e+03
4.983645e-01 1.178187e+05
4.665552e-02 7.522243e+05
4.185972e-01 1.063269e+05
4.973318e-02 1.580748e+04
3.695465e-01 2.332518e+05
1.261987e-01 1.425385e+05
1.003737e+00 9.250037e+03
2.870191e-02 3.956567e+04
6.485727e-01 1.846640e+05
4.977366e-01 2.464053e+05
4.525919e-01 3.208310e+03
8.985089e-01 2.674501e+04
5.355225e-01 3.348078e+04
6.080750e-01 5.521476e+04
5.963166e-01 1.787274e+05
9.324020e-02 5.074763e+04
1.056102e+00 1.028022e+05
3.329690e-01 1.094539e+05
5.625850e-01 2.421447e+04
3.483466e-01 1.331533e+05
6.076342e-01 3.736814e+04
6.710840e-02 3.237545e+05
2.658152e-02 1.530291e+05
4.981792e-03 1.090726e+04
2.953459e-01 4.910595e+03
4.046775e-01 4.239090e+05
9.947939e-01 2.161021e+05
2.308341e-01 7.181326e+04
1.503170e+00 8.615021e+03
1.572403e-01 2.163506e+04
4.839242e-01 2.123102e+04
5.693141e-01 1.569382e+05
1.230834e-01 3.380778e+05
7.553811e-01 7.858894e+04
3.574296e-01 2.204418e+05
1.441719e+00 1.751953e+05
5.351771e-01 3.272989e+04
3.324971e-01 4.350976e+04
2.586299e-01 3.560292e+04
2.238916e-01 1.463361e+04
2.289890e-01 8.177196e+03
2.710449e-01 2.010738e+05
9.766655e-01 1.320151e+03
2.705881e-01 6.301209e+05
6.258784e-01 2.367618e+05
7.282087e-01 1.021373e+05
3.283125e-01 1.581782e+05
5.980379e-01 4.349846e+04
8.198384e-01 1.082241e+05
5.194265e-01 1.803012e+05
1.359333e-01 6.077796e+04
2.101968e-01 2.578937e+04
2.377161e-01 4.072426e+05
4.662591e-01 9.513805e+04
3.812438e+00 1.604933e+04
8.428075e-02 9.931214e+04
7.341340e-01 9.602362e+03
2.196818e-01 6.403506e+04
5.824944e-02 2.225213e+05
3.219113e-01 1.065713e+05
1.817974e-01 4.353093e+04
7.853845e-01 7.029181e+04
1.861555e-01 1.332732e+05
1.528697e-01 3.038081e+04
1.535589e-01 9.423588e+04
8.652597e-01 7.810121e+04
2.499358e-01 1.417209e+05
8.127356e-01 4.324693e+04
4.411875e-01 9.075104e+03
8.751891e-01 2.961086e+05
2.693002e-01 1.738355e+04
2.217252e-01 3.640269e+05
1.680926e-01 3.366345e+05
7.332662e-02 1.882347e+05
2.645639e-02 9.498424e+04
2.154963e-01 2.539092e+04
3.632521e-02 7.609369e+04
6.341606e-01 2.984914e+04
3.549960e-01 1.737723e+05
9.659158e-01 8.089754e+03
4.555662e-01 7.150068e+04
1.262989e-01 1.415323e+04
5.705324e-03 1.001375e+05
3.770485e-01 1.699036e+05
6.966181e-02 1.394341e+05
3.234546e-01 3.959482e+04
3.894166e-01 1.702430e+05
2.019045e-02 2.088397e+04
2.352001e-02 8.473742e+04
5.748895e-01 5.295431e+04
7.026289e-01 5.396855e+04
7.979947e-01 8.488061e+04
7.306558e-01 3.822056e+04
5.129270e-02 8.807868e+04
3.468756e-01 5.332008e+04
2.053093e-01 1.070607e+05
3.288183e-01 5.000485e+04
1.141550e-01 1.214405e+05
8.053239e-01 7.684489e+04
1.057060e+00 3.304789e+05
8.808869e-01 5.585446e+03
8.182203e-01 4.813193e+04
5.322216e-01 8.079114e+04
8.222988e-02 7.553987e+04
4.648334e-01 2.650566e+05
9.883761e-02 6.243048e+04
1.039519e+00 8.540242e+04
4.571651e-01 1.807175e+05
1.632779e-01 9.025452e+04
6.501227e-02 3.298792e+04
4.371362e-01 4.023000e+04
1.992887e-01 2.138265e+05
6.163783e-01 2.066250e+05
3.453383e-01 6.761211e+03
1.416986e-02 2.116483e+05
9.246517e-02 4.738636e+04
